# Input data (3,32,32)
0
0
126
125
119
112
105
106
110
113
115
116
119
118
116
114
113
109
110
109
110
112
112
113
0
0
0
0
0
0
0
0
0
0
127
125
114
102
99
105
109
111
115
114
116
115
113
113
109
106
107
105
106
110
109
110
111
112
111
109
109
110
112
110
0
0
123
122
106
97
99
104
106
108
112
111
113
112
110
111
110
110
108
106
104
106
105
109
111
113
110
105
107
109
91
101
0
0
121
120
102
96
101
106
108
111
113
114
112
112
111
111
111
109
105
102
102
101
103
96
109
94
75
71
83
82
63
104
0
0
103
102
92
89
93
100
104
101
101
114
113
110
110
111
112
106
102
101
102
97
101
96
59
31
21
26
49
50
61
104
0
0
117
117
112
111
112
113
113
110
107
103
105
104
104
103
104
102
100
103
100
98
64
47
8
12
6
28
85
51
59
94
0
0
124
123
118
120
120
117
115
114
119
104
105
106
107
99
99
97
92
91
87
80
19
8
15
38
23
58
112
51
42
85
0
0
126
126
123
126
118
117
76
51
77
120
120
122
124
121
120
119
117
115
111
73
15
8
25
35
36
47
60
33
49
81
0
0
133
133
131
128
123
88
35
26
44
100
94
86
86
98
109
114
115
111
98
48
34
20
25
39
46
77
75
38
52
75
0
131
131
129
126
126
117
57
38
32
42
68
65
62
58
52
60
69
85
77
39
25
57
39
33
50
54
107
119
88
54
69
0
127
127
128
125
118
97
66
36
67
35
41
53
61
53
55
54
73
49
17
38
71
73
66
52
72
121
124
119
119
97
78
0
124
124
124
123
125
94
65
56
71
35
19
24
39
49
51
60
62
46
52
54
51
80
72
53
102
130
126
124
124
119
122
0
127
125
125
124
130
89
54
51
101
71
47
28
36
41
62
74
77
85
73
60
65
113
68
68
115
123
120
118
119
119
118
0
128
127
127
126
129
104
56
70
132
68
43
18
27
32
59
75
107
107
62
45
70
102
116
91
117
119
118
117
117
117
117
0
131
130
130
128
124
123
75
60
117
37
31
15
10
11
18
31
45
36
21
23
49
55
99
80
114
115
114
114
116
117
116
0
125
124
123
120
116
122
96
45
46
25
19
29
54
43
23
14
11
16
18
20
28
23
43
74
117
116
114
113
113
115
114
0
117
116
113
110
108
114
102
60
38
28
27
85
122
111
91
73
67
78
84
78
46
18
35
103
128
123
122
119
117
118
117
0
118
116
113
111
111
111
102
80
39
49
66
111
118
117
115
115
118
122
123
120
84
31
63
120
126
124
123
122
120
119
119
0
117
115
113
112
113
109
107
78
34
71
99
108
106
107
107
109
111
113
112
113
84
28
80
121
121
120
121
122
120
120
121
0
117
116
114
114
116
105
93
65
63
80
110
109
107
108
110
110
105
105
104
108
78
37
88
113
111
111
111
112
112
114
115
0
117
116
114
113
117
103
82
90
92
93
110
108
108
108
109
109
107
104
107
97
49
54
101
110
108
109
108
107
108
109
109
0
115
112
110
113
113
96
79
97
83
106
110
107
109
106
105
107
106
101
102
86
42
61
101
105
107
109
109
109
109
108
109
0
117
113
110
109
82
73
89
71
95
109
109
111
110
108
109
106
101
99
86
45
72
106
105
105
105
106
108
109
109
108
108
0
115
112
107
112
100
81
98
68
69
101
111
108
105
106
107
102
100
104
87
73
86
101
110
107
106
107
106
109
108
107
108
0
113
112
116
158
111
58
83
100
105
126
105
102
108
111
115
110
104
105
92
74
68
105
104
104
106
106
105
106
107
108
109
0
110
106
166
203
134
118
130
142
145
140
125
129
145
132
126
140
133
108
104
56
54
87
120
112
103
102
102
105
107
107
108
0
109
104
201
229
199
197
183
179
176
169
139
135
122
101
104
122
123
99
94
82
85
103
126
152
127
94
89
94
102
99
99
0
103
99
154
223
219
215
214
210
206
200
158
168
166
154
151
153
152
149
148
147
162
185
136
169
162
96
83
89
92
91
93
0
99
99
96
131
161
166
171
172
165
200
200
208
215
217
211
209
201
198
194
201
211
185
188
189
175
101
85
89
89
89
93
0
100
94
94
90
85
82
82
76
72
162
164
161
161
162
155
151
146
138
138
146
150
214
203
184
142
88
88
90
89
91
92
0
94
91
92
100
97
85
84
79
79
72
71
72
73
72
70
70
69
67
65
73
76
150
139
108
74
77
88
91
93
95
96
0
0
0
0
0
0
0
0
0
0
77
75
83
82
81
83
85
85
83
79
84
91
75
74
71
76
84
87
92
96
98
98
0
0
143
142
136
126
118
119
123
124
126
127
130
129
127
126
124
120
120
119
120
122
122
123
0
0
0
0
0
0
0
0
0
0
144
142
130
116
112
118
122
123
126
125
127
126
124
124
120
117
117
115
116
120
120
120
121
122
121
119
119
121
123
120
0
0
140
139
122
110
112
117
119
120
123
122
124
123
121
122
121
120
118
116
114
116
117
119
119
118
119
116
116
116
98
109
0
0
136
135
117
108
113
119
121
124
125
125
123
123
123
122
123
120
116
112
112
112
116
106
114
95
80
77
84
79
62
110
0
0
98
97
88
87
90
97
101
100
99
125
125
125
124
126
126
120
116
112
113
111
112
106
62
28
20
24
42
37
53
108
0
0
92
92
87
87
87
86
85
85
83
101
103
103
103
104
108
106
102
102
100
105
70
52
8
8
4
32
86
38
46
97
0
0
99
97
92
85
85
85
86
84
88
80
82
79
78
75
81
81
73
69
68
69
18
10
15
37
20
62
120
47
35
90
0
0
97
97
93
88
85
95
65
34
54
90
89
88
87
88
91
90
85
83
84
56
6
9
26
35
28
39
58
31
45
79
0
0
96
96
94
92
96
81
38
22
39
79
72
64
65
74
81
83
83
80
75
36
17
14
20
35
32
54
54
24
42
58
0
91
91
89
89
89
89
56
43
30
47
62
56
55
50
39
45
53
69
65
30
16
30
21
20
40
35
72
77
57
40
55
0
87
87
88
87
84
90
68
33
70
32
36
51
50
41
45
44
63
44
11
23
37
33
46
37
45
79
76
77
77
70
56
0
84
84
85
82
86
80
64
53
75
34
11
20
26
32
28
30
28
19
31
35
28
48
47
32
64
85
82
80
80
76
79
0
87
85
85
84
86
69
52
48
106
70
40
23
25
29
37
36
35
48
46
44
54
90
43
39
72
78
76
74
75
75
75
0
88
87
87
85
86
81
52
70
136
69
37
15
22
31
46
48
79
79
41
37
62
80
93
58
72
73
73
72
72
73
73
0
91
90
89
86
90
94
68
65
122
41
25
11
8
17
18
22
35
21
9
22
41
36
77
50
70
70
69
69
71
73
72
0
85
84
82
80
82
85
77
45
47
21
15
16
38
32
17
10
7
7
10
18
23
18
24
43
73
70
69
67
68
72
70
0
76
75
72
72
72
71
73
56
35
13
14
57
81
74
58
45
41
47
53
55
40
14
21
65
80
77
76
73
73
77
75
0
77
75
71
73
75
68
74
81
37
28
40
74
71
72
73
74
73
71
71
79
79
24
44
79
78
79
78
77
76
76
76
0
76
74
72
73
75
71
89
84
32
46
66
71
67
68
67
70
68
64
62
73
84
18
53
77
74
75
76
77
75
76
77
0
76
75
73
70
70
79
88
71
54
44
73
71
67
68
67
70
69
66
63
77
82
24
52
66
64
64
65
65
66
68
69
0
76
75
74
71
70
77
72
93
86
59
69
70
68
67
67
67
66
67
64
69
46
36
60
62
62
62
61
60
60
60
61
0
74
73
71
70
70
70
61
90
71
69
70
70
71
68
68
67
67
70
68
69
37
39
63
63
63
62
62
62
62
63
64
0
76
73
73
73
63
57
72
50
59
69
66
67
66
64
63
64
67
65
70
40
49
65
62
60
59
60
62
64
64
64
64
0
74
73
71
83
92
75
91
61
58
91
71
68
65
66
66
65
68
65
64
70
67
64
64
63
62
63
63
65
64
63
63
0
73
72
90
155
129
72
97
113
112
135
97
92
98
101
104
101
95
83
79
77
56
75
63
64
65
65
64
64
63
64
65
0
72
66
150
216
164
141
151
159
154
149
134
133
148
136
129
141
132
100
98
65
53
68
87
76
63
63
63
64
63
63
64
0
72
67
187
236
216
208
194
190
184
175
150
146
132
111
113
127
127
103
98
91
83
85
100
117
90
59
56
58
62
60
59
0
67
64
139
222
221
213
212
213
210
202
167
182
178
166
162
162
161
158
157
150
153
163
109
134
125
62
48
53
55
54
55
0
66
64
70
115
150
156
160
165
164
202
197
202
207
209
203
199
191
189
186
191
195
163
158
154
139
65
45
49
52
52
56
0
68
61
64
63
63
63
62
58
58
158
154
148
147
147
140
131
126
119
119
124
125
191
174
151
108
54
49
49
52
54
55
0
63
60
63
72
70
59
55
49
51
58
54
52
52
51
48
46
44
42
39
41
42
122
108
76
44
48
53
53
56
58
59
0
0
0
0
0
0
0
0
0
0
52
49
54
54
53
54
55
55
53
48
46
52
42
40
38
43
52
54
55
58
59
60
0
0
150
149
143
132
124
125
129
129
130
131
134
133
131
130
128
124
122
121
122
124
124
125
0
0
0
0
0
0
0
0
0
0
151
149
137
122
118
124
128
128
130
129
131
130
128
128
124
121
119
117
118
122
120
121
123
124
125
124
121
120
121
119
0
0
148
146
129
117
118
123
125
125
127
127
128
127
125
126
125
124
120
118
116
118
115
117
120
120
119
114
112
110
94
109
0
0
143
142
124
112
117
123
126
128
131
135
127
127
127
127
127
124
118
114
114
114
113
101
114
96
77
71
76
70
57
110
0
0
90
89
79
78
83
89
92
91
96
135
131
128
131
133
134
129
122
117
118
118
109
101
60
28
16
17
34
27
47
109
0
0
65
65
61
62
62
60
58
60
62
102
100
97
101
102
106
105
102
99
99
107
69
47
5
4
0
30
88
35
38
95
0
0
68
66
61
50
50
54
57
57
61
60
60
58
60
54
57
57
53
49
50
58
15
6
11
30
15
63
127
46
25
85
0
0
62
61
58
51
53
73
51
21
33
60
61
64
64
61
59
57
57
55
60
41
0
5
19
26
22
36
55
25
32
65
0
0
57
57
55
55
67
69
35
15
24
53
51
49
48
53
55
55
55
54
54
25
8
6
11
22
20
40
38
13
26
34
0
56
56
54
54
54
60
49
42
24
45
40
33
38
33
22
25
31
44
42
15
5
14
9
4
19
15
45
45
35
29
40
0
53
52
54
56
58
84
71
37
81
34
16
31
31
22
26
23
41
28
0
9
20
6
22
17
21
44
38
46
46
50
40
0
49
49
51
52
57
70
66
54
80
29
3
12
14
15
9
7
8
4
16
17
11
21
27
20
38
49
47
44
45
42
45
0
52
50
51
49
49
51
47
45
107
60
24
15
19
16
16
10
4
20
21
16
25
51
23
26
46
43
42
40
41
42
42
0
53
52
53
46
44
53
44
70
144
69
17
6
19
20
30
24
41
49
19
13
37
44
61
32
41
42
41
40
41
44
44
0
55
55
53
47
50
60
59
67
126
47
14
4
4
8
9
10
13
8
2
12
31
19
46
26
41
40
39
40
42
46
45
0
50
50
47
43
45
48
60
41
45
21
11
4
21
18
8
4
0
0
1
5
11
10
10
26
45
40
39
37
39
45
43
0
45
44
40
36
38
35
51
48
30
6
6
31
46
43
31
22
23
29
32
32
29
7
12
38
43
42
42
38
40
46
45
0
49
47
42
37
46
39
54
76
33
16
20
39
33
36
39
40
40
40
40
48
72
17
28
48
39
40
39
38
39
41
41
0
48
46
42
35
47
48
76
84
31
30
37
37
39
40
39
39
33
32
32
46
83
12
32
46
37
35
36
37
37
40
41
0
47
43
41
36
35
57
80
73
51
24
42
38
41
41
40
39
37
36
37
58
86
17
27
34
31
31
31
32
33
34
35
0
46
42
40
41
35
56
62
89
78
35
37
39
40
39
39
38
36
32
38
55
48
26
32
30
34
34
34
32
33
33
34
0
41
39
42
38
38
48
43
79
61
47
37
39
42
39
38
39
38
33
40
54
33
24
33
29
34
36
36
36
37
38
39
0
43
39
40
39
40
33
56
40
38
37
34
37
36
35
36
37
33
39
55
31
30
36
31
33
33
34
36
38
38
39
39
0
41
37
32
45
69
52
68
43
29
49
35
34
31
32
34
33
30
37
49
60
46
31
37
37
35
36
36
39
40
38
38
0
38
36
46
113
99
49
64
69
57
73
48
44
50
53
57
51
41
41
53
68
35
37
30
34
37
37
36
37
38
39
40
0
36
32
116
175
110
78
88
92
77
69
66
63
83
71
61
72
66
45
56
44
34
32
43
39
33
34
34
36
38
38
39
0
37
36
178
220
175
144
120
111
98
85
73
75
69
48
46
57
61
41
39
41
44
37
36
41
32
26
27
27
37
34
33
0
36
33
107
187
178
158
142
136
131
118
78
101
105
94
84
76
71
66
62
59
73
82
28
29
43
23
22
24
29
28
29
0
36
32
22
61
91
89
95
104
103
118
113
128
141
144
132
121
109
102
93
89
99
82
60
42
53
23
22
25
26
26
30
0
39
32
33
29
21
13
16
17
16
93
83
79
85
86
77
68
62
53
51
58
64
97
73
55
41
17
27
26
26
28
29
0
35
32
32
38
33
19
17
14
15
14
10
12
14
13
12
9
8
6
4
6
9
62
46
25
11
23
30
27
30
32
33
0
0
0
0
0
0
0
0
0
0
15
12
17
17
16
16
15
15
13
8
9
14
8
6
9
23
33
29
26
31
33
33
