# Input data (3,32,32)
0
0
0
0
0
0
0
0
0
0
0
0
0
0
0
0
0
0
0
0
0
0
0
0
0
0
0
0
0
0
0
0
0
0
0
0
0
0
0
0
0
0
0
0
0
0
0
0
0
0
0
0
0
0
0
0
0
0
0
0
0
0
0
0
0
0
0
0
0
0
0
0
0
0
0
0
0
0
0
0
0
0
0
0
0
0
0
0
0
0
0
0
0
0
0
0
0
0
0
0
0
0
0
0
0
0
0
0
0
0
0
0
0
0
0
0
0
0
0
0
0
0
0
0
0
0
0
0
0
0
0
0
190
196
217
190
196
217
187
197
215
187
197
214
187
195
213
187
192
211
180
180
199
185
182
200
188
192
209
184
190
209
185
187
209
185
189
207
187
194
208
189
195
210
190
196
211
188
194
209
188
194
209
189
195
210
190
196
211
190
196
211
0
0
0
0
0
0
0
0
0
194
200
221
194
200
221
193
200
220
192
199
220
192
198
219
190
197
218
189
195
216
189
195
216
189
196
216
195
202
220
195
202
221
193
202
219
193
201
217
193
199
216
192
196
214
174
173
191
179
177
193
192
196
213
187
194
212
189
191
212
188
193
210
189
196
208
190
196
209
190
196
209
190
196
208
189
196
208
191
197
210
192
198
210
191
198
210
0
0
0
0
0
0
0
0
0
198
204
223
198
205
224
198
205
223
197
204
223
197
204
223
195
202
221
194
201
220
193
200
219
193
200
219
196
203
221
196
203
221
196
204
219
196
203
218
196
201
216
197
200
216
173
171
187
183
181
195
195
199
214
190
196
213
192
195
213
191
195
210
190
197
208
191
197
208
191
197
208
190
197
207
190
197
208
192
199
209
192
199
209
192
199
209
0
0
0
0
0
0
0
0
0
200
207
225
200
207
225
199
206
224
199
206
224
199
206
224
198
205
223
196
203
221
195
202
220
195
202
220
197
204
220
197
204
220
197
204
218
198
204
218
199
202
217
198
199
214
174
172
186
190
188
201
196
201
213
191
198
213
194
197
214
192
197
209
192
199
208
192
199
209
192
199
209
191
198
208
191
198
208
192
199
209
192
199
209
192
199
209
0
0
0
0
0
0
0
0
0
202
209
225
201
209
225
200
207
223
200
207
223
200
207
223
199
206
222
197
204
220
196
204
220
196
204
220
197
204
220
198
206
219
199
206
218
201
205
217
202
203
217
198
197
211
170
167
180
191
189
201
197
202
214
192
199
212
194
198
213
193
198
210
192
199
208
193
198
208
194
198
209
192
198
209
192
199
209
192
199
209
193
200
209
194
201
210
0
0
0
0
0
0
0
0
0
204
211
225
204
211
225
202
209
223
201
208
222
201
208
222
200
208
221
199
206
220
199
207
220
199
207
220
198
206
220
200
207
219
201
206
218
202
206
218
202
202
215
197
191
202
165
156
165
192
190
199
199
203
216
194
200
213
197
199
212
196
199
211
193
198
209
194
197
207
196
199
209
193
198
208
192
199
208
192
199
208
193
200
209
195
202
210
0
0
0
0
0
0
0
0
0
207
211
226
206
211
225
204
210
223
202
209
221
201
208
221
200
207
220
200
207
219
201
208
220
201
208
220
200
207
220
202
208
220
202
206
218
204
208
220
193
192
205
167
156
164
161
147
150
192
188
195
199
202
214
196
201
214
198
200
211
198
200
210
195
198
208
195
198
206
196
199
207
194
198
206
192
199
207
192
199
207
193
200
208
195
202
209
0
0
0
0
0
0
0
0
0
209
211
226
208
210
225
206
210
223
203
209
221
202
208
220
202
208
220
201
207
219
201
207
219
202
208
220
202
208
220
203
210
219
203
208
218
205
209
220
197
196
208
149
139
145
144
131
133
167
164
170
194
197
208
197
201
214
198
200
210
199
201
210
196
199
208
195
198
204
196
199
205
194
198
204
195
199
205
195
199
205
195
200
206
196
201
207
0
0
0
0
0
0
0
0
0
210
212
225
209
211
225
207
211
223
205
211
221
203
209
219
203
209
219
205
212
222
206
213
223
203
210
220
203
209
219
203
210
219
204
209
217
204
208
217
208
208
218
179
169
173
154
141
141
177
174
178
197
201
210
197
201
212
198
200
208
199
202
208
197
200
207
195
198
203
196
199
204
195
198
203
197
199
204
198
200
205
197
199
204
197
199
204
0
0
0
0
0
0
0
0
0
210
212
225
210
212
225
209
212
223
207
211
220
206
210
219
206
210
219
201
206
215
204
211
219
204
211
219
203
210
218
204
211
218
204
209
215
204
208
216
207
208
215
181
171
173
170
158
156
202
199
201
201
205
213
196
201
210
198
200
206
198
201
206
197
200
205
195
198
202
196
200
203
196
198
202
197
198
202
198
199
203
197
198
202
197
198
202
0
0
0
0
0
0
0
0
0
210
213
223
210
212
223
210
212
222
210
212
220
210
212
220
209
211
219
208
210
218
198
201
209
202
208
215
203
210
217
204
212
216
204
212
216
205
210
214
204
209
215
203
204
210
178
169
169
178
166
163
196
194
194
201
205
212
197
202
209
198
200
205
198
201
204
195
199
203
195
198
203
195
199
204
194
196
201
196
197
201
196
197
201
195
197
201
0
0
0
0
0
0
0
0
0
215
218
227
209
212
221
208
212
221
210
212
220
211
212
218
210
211
216
209
210
216
195
197
203
202
209
213
205
213
217
204
209
213
206
210
214
206
208
212
206
212
214
197
195
199
178
167
169
178
165
166
192
186
188
201
205
210
196
202
208
197
200
205
197
200
204
194
197
204
194
197
204
192
195
202
194
195
200
198
198
202
196
197
200
195
197
200
0
0
0
0
0
0
0
0
0
214
217
224
209
212
219
208
211
218
210
211
218
211
212
217
210
211
216
211
209
214
196
194
199
204
207
211
199
202
206
203
202
206
212
210
215
208
205
208
206
210
207
189
181
182
179
166
173
177
165
173
181
166
172
197
200
203
194
201
204
197
197
204
196
198
205
194
193
198
195
194
199
197
196
201
194
192
195
188
185
186
194
191
192
188
186
187
0
0
0
0
0
0
0
0
0
212
215
221
208
211
216
207
210
215
209
210
216
210
210
216
211
210
215
202
195
200
184
171
176
200
193
197
176
165
171
199
197
199
201
201
204
182
173
178
178
176
173
176
164
164
185
173
180
173
163
170
173
153
156
201
198
197
195
197
198
196
193
197
194
192
198
192
187
188
186
180
181
173
168
169
121
116
115
74
69
67
104
97
95
90
81
81
0
0
0
0
0
0
0
0
0
213
214
219
208
210
215
208
209
214
207
208
214
206
208
213
209
209
213
200
191
194
180
163
167
204
185
189
177
156
162
185
179
180
179
181
182
153
138
145
179
167
168
165
148
148
190
176
181
165
155
157
164
140
140
201
191
188
196
192
189
197
192
191
199
193
194
113
106
106
89
81
82
65
57
58
28
22
21
16
11
9
20
11
10
23
10
11
0
0
0
0
0
0
0
0
0
213
213
218
209
208
214
208
208
213
206
207
212
203
207
210
207
207
209
203
191
194
167
143
147
153
119
123
166
135
140
203
192
191
204
204
204
164
145
153
172
154
157
148
126
126
174
155
157
139
126
126
126
102
100
158
143
140
146
139
135
135
129
127
153
146
146
24
19
21
12
6
8
12
6
8
9
6
7
11
9
9
16
9
11
25
12
16
0
0
0
0
0
0
0
0
0
212
210
217
208
206
212
207
205
212
206
205
210
203
203
205
201
196
198
193
174
178
111
79
83
85
39
41
140
98
102
196
179
178
199
193
195
141
120
130
125
106
109
132
105
105
119
92
93
90
73
72
65
44
42
64
48
47
48
40
39
32
30
29
42
38
39
14
11
15
14
11
14
13
9
13
9
10
13
10
11
14
18
14
19
26
14
22
0
0
0
0
0
0
0
0
0
211
208
215
207
203
210
206
203
209
206
202
207
200
195
197
184
171
173
158
129
134
97
53
59
95
42
41
126
79
80
125
101
100
163
149
152
116
95
103
49
32
34
78
49
48
66
33
33
44
24
23
35
16
17
26
11
12
17
9
10
11
11
11
9
6
9
13
10
11
14
10
12
14
10
11
10
11
13
8
10
12
9
7
11
32
24
36
0
0
0
0
0
0
0
0
0
211
205
213
207
201
208
206
201
208
208
198
204
196
182
185
159
138
140
100
64
70
81
33
39
89
36
34
104
54
53
78
41
41
121
100
98
86
70
71
30
14
15
33
14
13
37
16
13
30
14
12
27
14
14
28
17
16
21
14
13
16
13
12
14
11
12
5
6
7
5
6
7
5
5
6
3
6
9
2
6
8
1
2
6
39
37
50
0
0
0
0
0
0
0
0
0
209
200
207
206
197
204
207
198
205
195
175
178
139
107
107
94
64
65
55
25
28
57
25
29
68
26
25
83
35
36
54
22
28
37
21
22
25
19
19
23
15
20
20
12
18
18
10
16
15
9
14
11
9
11
9
10
11
6
9
8
5
8
7
5
6
6
0
4
8
0
2
6
0
3
7
0
5
10
0
4
9
6
10
15
59
61
75
0
0
0
0
0
0
0
0
0
209
195
198
204
190
193
206
192
195
181
155
159
86
49
56
57
26
34
42
17
26
37
15
24
48
21
26
64
27
35
51
27
35
32
22
25
22
18
19
18
13
17
14
9
18
11
4
19
6
3
16
2
6
12
1
6
12
0
5
9
0
5
9
0
4
8
0
3
9
0
1
8
0
2
8
1
2
9
0
0
2
40
41
47
127
127
142
0
0
0
0
0
0
0
0
0
202
183
178
188
169
164
173
154
149
169
143
145
87
56
66
58
31
40
55
32
41
48
28
36
54
34
41
60
33
42
162
135
131
149
129
123
135
120
112
121
106
101
104
88
89
78
61
70
50
35
48
28
18
29
13
5
16
5
0
9
4
2
10
2
4
10
35
24
32
32
21
29
32
21
29
35
23
31
35
25
30
105
96
102
105
96
102
0
0
0
0
0
0
0
0
0
199
175
163
189
166
154
178
155
142
175
151
142
175
151
142
164
139
134
157
135
129
159
139
131
158
138
131
165
141
136
205
174
158
203
173
156
202
173
156
199
172
158
193
166
156
182
154
149
159
130
129
131
103
108
107
81
92
85
60
71
65
44
53
45
27
35
78
50
58
68
39
48
65
36
46
67
38
48
74
47
55
82
58
62
109
88
92
0
0
0
0
0
0
0
0
0
0
0
0
211
188
171
209
187
170
210
188
171
208
185
168
210
186
168
210
187
167
209
187
164
211
188
165
210
180
163
188
163
146
188
162
145
188
159
143
184
155
147
179
150
146
175
146
142
172
143
139
168
138
138
165
134
138
156
127
130
143
117
118
113
89
91
137
104
108
120
86
93
88
53
61
65
30
39
63
31
38
66
35
39
83
53
58
0
0
0
0
0
0
0
0
0
0
0
0
215
193
174
212
191
172
210
189
170
212
188
171
210
184
167
205
179
159
200
174
151
199
172
148
191
165
147
182
161
148
183
160
147
184
159
147
182
156
150
178
152
150
176
150
147
173
147
143
171
144
141
169
140
138
165
137
135
163
136
133
155
128
126
164
133
133
160
128
131
134
102
107
93
60
67
72
41
48
62
30
34
77
43
48
0
0
0
0
0
0
0
0
0
0
0
0
212
189
172
208
186
168
203
182
164
203
178
163
202
175
162
197
170
155
193
165
149
188
161
144
181
158
145
180
156
146
181
157
147
183
159
149
184
159
153
185
160
155
183
158
153
180
155
150
178
151
147
174
144
142
170
140
138
166
136
134
163
133
131
161
130
129
158
126
127
151
119
123
145
112
118
130
99
104
83
49
52
86
50
55
0
0
0
0
0
0
0
0
0
0
0
0
208
185
169
204
181
165
202
179
163
201
176
162
199
173
161
196
169
157
192
166
154
186
160
149
182
157
147
183
159
149
182
158
148
183
159
149
183
158
152
183
158
153
183
158
153
180
156
150
178
151
147
176
146
144
171
141
139
166
136
134
163
133
131
163
132
129
158
127
126
149
117
119
150
118
122
143
111
115
99
64
66
85
48
51
0
0
0
0
0
0
0
0
0
0
0
0
202
178
164
197
174
160
198
175
161
198
173
161
198
171
160
196
169
158
193
166
156
189
162
152
185
160
150
183
159
149
182
158
148
182
158
148
182
157
151
181
156
151
180
155
150
179
154
149
176
149
145
174
144
142
169
139
137
165
135
133
163
133
130
161
130
127
158
127
125
151
120
119
148
116
119
149
116
118
134
98
98
101
62
64
0
0
0
0
0
0
0
0
0
0
0
0
198
174
162
193
169
157
195
171
158
194
169
159
194
167
158
193
166
157
190
163
154
186
160
151
183
159
149
183
159
149
182
157
148
182
158
148
182
157
151
181
156
151
180
155
150
177
152
147
175
148
144
174
144
142
170
140
138
165
135
134
163
133
130
161
130
127
157
126
121
151
120
118
146
115
115
149
115
116
152
114
114
142
101
102
0
0
0
0
0
0
0
0
0
0
0
0
195
170
159
191
167
157
192
169
158
191
165
157
189
162
155
188
161
154
186
158
152
183
156
149
181
157
147
181
157
147
181
157
147
181
157
147
181
157
150
181
156
151
179
154
149
175
151
146
175
148
145
175
145
143
169
139
137
165
135
133
162
132
129
158
128
123
155
124
120
148
117
114
146
115
114
148
114
114
150
112
112
151
111
112
0
0
0
0
0
0
0
0
0
0
0
0
192
167
159
189
164
156
188
163
156
187
160
154
186
158
153
185
158
153
183
155
151
181
154
148
180
156
146
180
156
146
181
156
147
181
156
148
180
154
149
178
152
147
177
151
146
176
150
145
173
145
141
171
141
139
167
137
135
162
132
131
160
130
127
158
127
122
155
124
121
147
116
114
144
114
112
148
115
115
148
112
113
146
109
111
