# input_1_input_quantizer.out_quantizer (shape [32, 32, 3]),
0,
0,
0,
0,
0,
0,
0,
0,
0,
153,
134,
136,
148,
129,
131,
145,
126,
128,
145,
132,
133,
151,
136,
137,
140,
125,
126,
132,
118,
119,
126,
112,
112,
129,
112,
111,
127,
112,
109,
140,
125,
122,
140,
125,
122,
144,
128,
126,
132,
119,
116,
138,
126,
122,
136,
124,
120,
134,
126,
123,
138,
127,
123,
116,
106,
101,
141,
139,
134,
190,
198,
199,
193,
202,
201,
195,
206,
200,
191,
202,
201,
203,
218,
218,
0,
0,
0,
0,
0,
0,
0,
0,
0,
0,
0,
0,
148,
132,
133,
149,
133,
134,
151,
133,
134,
138,
119,
121,
138,
119,
121,
141,
122,
124,
147,
128,
130,
136,
117,
119,
139,
121,
120,
138,
120,
119,
136,
118,
118,
121,
105,
102,
119,
104,
101,
133,
118,
115,
143,
128,
125,
127,
116,
112,
125,
117,
114,
126,
120,
117,
130,
124,
121,
164,
164,
164,
135,
125,
122,
122,
114,
108,
165,
169,
165,
206,
218,
217,
207,
219,
218,
208,
218,
216,
201,
213,
211,
169,
185,
185,
0,
0,
0,
0,
0,
0,
0,
0,
0,
0,
0,
0,
134,
118,
119,
135,
119,
120,
136,
120,
121,
135,
118,
119,
142,
123,
125,
141,
122,
124,
137,
118,
120,
136,
117,
119,
147,
130,
127,
142,
124,
122,
131,
114,
111,
121,
105,
102,
121,
106,
104,
123,
109,
106,
127,
114,
111,
127,
116,
112,
145,
147,
145,
152,
159,
157,
164,
170,
168,
164,
164,
164,
141,
129,
127,
130,
120,
116,
178,
184,
180,
161,
172,
169,
162,
172,
171,
170,
177,
178,
159,
170,
167,
144,
151,
142,
169,
183,
178,
0,
0,
0,
0,
0,
0,
0,
0,
0,
148,
132,
133,
146,
130,
131,
147,
131,
132,
146,
129,
130,
139,
120,
122,
145,
125,
127,
148,
128,
130,
150,
132,
132,
132,
116,
115,
133,
117,
114,
132,
115,
113,
125,
107,
106,
112,
99,
98,
98,
89,
85,
122,
118,
113,
138,
138,
132,
181,
188,
185,
181,
191,
188,
189,
199,
196,
189,
199,
196,
183,
179,
178,
144,
126,
127,
138,
124,
123,
175,
177,
173,
118,
118,
116,
135,
133,
135,
164,
163,
163,
144,
151,
142,
146,
154,
144,
0,
0,
0,
0,
0,
0,
0,
0,
0,
141,
126,
127,
138,
124,
125,
139,
124,
125,
140,
122,
124,
148,
131,
132,
145,
129,
130,
138,
123,
123,
136,
121,
121,
171,
162,
162,
161,
153,
149,
149,
136,
136,
149,
136,
136,
159,
159,
162,
123,
116,
118,
109,
105,
105,
157,
159,
157,
138,
148,
148,
164,
171,
168,
181,
189,
184,
192,
198,
193,
125,
110,
111,
121,
97,
102,
129,
110,
113,
151,
145,
144,
130,
113,
115,
129,
111,
116,
156,
146,
144,
160,
159,
145,
148,
150,
139,
0,
0,
0,
0,
0,
0,
0,
0,
0,
162,
135,
135,
157,
130,
131,
153,
131,
131,
148,
131,
131,
185,
174,
171,
192,
186,
184,
196,
190,
188,
183,
178,
175,
162,
167,
169,
170,
180,
179,
168,
176,
170,
164,
170,
168,
97,
100,
105,
103,
100,
106,
93,
93,
97,
111,
117,
120,
71,
81,
82,
134,
138,
134,
148,
151,
145,
151,
149,
145,
122,
97,
100,
120,
92,
98,
120,
99,
104,
121,
106,
109,
119,
96,
101,
112,
93,
98,
116,
106,
102,
136,
129,
110,
155,
154,
146,
0,
0,
0,
0,
0,
0,
0,
0,
0,
149,
110,
102,
147,
101,
97,
155,
110,
109,
175,
147,
144,
173,
173,
171,
150,
151,
152,
147,
148,
149,
151,
152,
153,
91,
99,
104,
68,
79,
81,
66,
72,
70,
75,
79,
80,
51,
47,
54,
79,
76,
82,
62,
63,
68,
35,
42,
45,
67,
74,
74,
127,
125,
121,
132,
128,
124,
133,
122,
120,
124,
104,
106,
113,
92,
93,
118,
100,
102,
114,
93,
99,
128,
111,
114,
120,
107,
109,
119,
109,
105,
119,
109,
105,
128,
119,
107,
127,
131,
125,
0,
0,
0,
0,
0,
0,
164,
143,
136,
152,
125,
121,
179,
153,
152,
193,
182,
178,
162,
174,
173,
124,
134,
137,
91,
98,
102,
73,
78,
83,
128,
133,
138,
55,
54,
58,
41,
30,
33,
53,
42,
47,
62,
57,
60,
90,
85,
89,
69,
66,
69,
32,
36,
37,
68,
69,
71,
106,
103,
100,
117,
108,
106,
117,
108,
106,
116,
109,
107,
120,
110,
109,
123,
112,
106,
127,
118,
113,
107,
93,
96,
110,
92,
96,
99,
76,
80,
117,
98,
97,
188,
181,
177,
203,
213,
210,
0,
0,
0,
0,
0,
0,
166,
168,
165,
177,
175,
173,
173,
172,
171,
168,
176,
172,
152,
169,
167,
110,
125,
127,
101,
112,
115,
69,
76,
80,
139,
142,
145,
67,
65,
65,
62,
47,
46,
62,
47,
46,
53,
43,
46,
96,
91,
93,
114,
108,
110,
66,
61,
65,
52,
57,
55,
74,
75,
73,
121,
123,
118,
118,
107,
106,
99,
95,
92,
83,
72,
71,
106,
88,
85,
107,
94,
90,
116,
91,
98,
128,
95,
104,
122,
79,
87,
128,
96,
99,
181,
175,
179,
198,
213,
213,
0,
0,
0,
0,
0,
0,
134,
145,
146,
150,
161,
161,
139,
150,
149,
139,
150,
149,
126,
135,
130,
135,
149,
145,
105,
121,
120,
99,
108,
109,
61,
60,
67,
112,
114,
114,
59,
60,
57,
61,
52,
54,
28,
22,
25,
57,
53,
51,
87,
77,
77,
68,
61,
62,
109,
65,
65,
108,
77,
73,
122,
119,
114,
122,
114,
112,
100,
100,
95,
97,
84,
84,
127,
91,
94,
129,
96,
99,
84,
60,
66,
115,
78,
88,
142,
85,
96,
125,
80,
88,
178,
173,
181,
193,
210,
212,
0,
0,
0,
0,
0,
0,
65,
75,
76,
101,
109,
114,
124,
134,
137,
133,
144,
142,
126,
135,
130,
135,
148,
145,
114,
128,
128,
86,
92,
98,
61,
60,
67,
58,
50,
50,
46,
35,
35,
54,
44,
50,
28,
22,
25,
102,
49,
53,
96,
39,
45,
108,
55,
59,
109,
65,
65,
140,
70,
72,
121,
110,
106,
130,
123,
121,
100,
100,
95,
122,
108,
108,
130,
83,
90,
130,
88,
94,
84,
60,
66,
75,
51,
57,
128,
74,
83,
128,
74,
83,
120,
71,
82,
180,
179,
183,
191,
206,
205,
0,
0,
0,
38,
43,
47,
82,
93,
96,
97,
114,
112,
114,
127,
123,
115,
122,
120,
128,
137,
133,
112,
123,
122,
81,
80,
88,
55,
49,
56,
92,
32,
39,
94,
29,
43,
100,
39,
55,
100,
46,
55,
135,
34,
50,
125,
31,
47,
135,
41,
49,
159,
58,
65,
119,
58,
59,
113,
104,
100,
113,
104,
100,
125,
120,
117,
95,
99,
93,
108,
94,
94,
128,
81,
88,
99,
66,
69,
54,
47,
46,
70,
54,
55,
128,
96,
102,
130,
108,
115,
171,
174,
175,
169,
179,
178,
0,
0,
0,
40,
35,
44,
89,
94,
93,
100,
113,
106,
110,
120,
114,
120,
122,
120,
128,
99,
98,
120,
79,
85,
114,
58,
72,
92,
33,
43,
133,
38,
46,
124,
39,
54,
124,
39,
54,
131,
40,
60,
126,
29,
50,
127,
39,
58,
123,
69,
78,
119,
58,
56,
128,
28,
38,
118,
50,
58,
121,
109,
107,
116,
110,
107,
66,
69,
63,
104,
92,
91,
122,
71,
82,
92,
58,
64,
78,
67,
67,
66,
55,
55,
158,
147,
150,
174,
171,
174,
160,
167,
167,
170,
177,
177,
0,
0,
0,
52,
42,
48,
103,
65,
68,
104,
89,
86,
104,
89,
86,
112,
106,
99,
133,
95,
92,
158,
87,
91,
152,
54,
70,
142,
30,
51,
136,
51,
47,
150,
71,
64,
134,
40,
51,
129,
34,
53,
87,
38,
50,
66,
34,
45,
94,
73,
79,
114,
66,
65,
139,
36,
48,
125,
51,
62,
120,
96,
98,
106,
83,
85,
94,
101,
93,
102,
97,
93,
100,
67,
74,
83,
59,
64,
65,
54,
57,
68,
66,
66,
121,
127,
125,
147,
153,
153,
169,
178,
177,
179,
187,
186,
0,
0,
0,
106,
43,
50,
116,
21,
34,
133,
58,
65,
121,
86,
85,
106,
88,
84,
131,
83,
81,
150,
76,
77,
151,
61,
69,
135,
34,
45,
133,
57,
48,
169,
95,
83,
128,
34,
42,
114,
42,
55,
53,
50,
53,
30,
41,
42,
61,
47,
54,
124,
57,
64,
129,
41,
50,
116,
55,
63,
104,
83,
84,
109,
85,
88,
47,
57,
49,
30,
34,
28,
44,
42,
40,
41,
39,
39,
105,
99,
102,
135,
139,
138,
135,
139,
138,
145,
159,
155,
176,
187,
185,
177,
187,
186,
0,
0,
0,
145,
54,
63,
114,
17,
33,
131,
45,
54,
131,
94,
94,
108,
93,
90,
130,
81,
82,
145,
64,
68,
137,
43,
52,
128,
30,
40,
129,
37,
39,
155,
68,
65,
116,
43,
52,
83,
53,
59,
64,
52,
57,
55,
46,
50,
58,
37,
45,
112,
42,
52,
123,
67,
72,
99,
64,
68,
99,
64,
68,
80,
71,
70,
27,
28,
26,
29,
38,
33,
41,
50,
45,
51,
64,
59,
161,
165,
167,
170,
171,
174,
174,
179,
181,
176,
186,
185,
185,
193,
193,
189,
199,
198,
0,
0,
0,
119,
34,
45,
91,
34,
43,
120,
51,
56,
133,
105,
105,
102,
96,
93,
131,
95,
97,
159,
88,
90,
129,
45,
53,
125,
32,
47,
131,
32,
43,
140,
42,
48,
140,
42,
48,
112,
43,
54,
62,
48,
48,
100,
71,
78,
87,
48,
58,
61,
37,
45,
63,
53,
52,
56,
43,
41,
29,
27,
25,
23,
24,
22,
100,
107,
105,
121,
125,
124,
136,
144,
141,
148,
159,
157,
177,
178,
181,
178,
183,
185,
183,
187,
189,
184,
188,
189,
193,
198,
201,
191,
197,
199,
0,
0,
0,
91,
39,
46,
91,
34,
43,
120,
90,
90,
120,
90,
90,
130,
117,
113,
117,
99,
97,
125,
91,
94,
153,
98,
98,
117,
53,
56,
117,
46,
60,
127,
32,
47,
126,
31,
41,
102,
41,
49,
52,
45,
45,
107,
71,
80,
107,
63,
74,
55,
47,
49,
24,
32,
31,
33,
42,
40,
56,
62,
62,
80,
82,
82,
155,
162,
160,
166,
167,
167,
167,
173,
171,
173,
176,
177,
177,
178,
178,
180,
183,
182,
185,
187,
186,
192,
195,
195,
180,
184,
186,
180,
184,
185,
0,
0,
0,
59,
53,
54,
108,
98,
100,
147,
140,
139,
141,
120,
120,
137,
120,
118,
117,
99,
97,
129,
102,
104,
129,
89,
89,
118,
73,
75,
117,
46,
60,
122,
56,
66,
128,
63,
71,
80,
43,
48,
52,
45,
45,
88,
57,
69,
97,
67,
74,
43,
44,
43,
24,
32,
31,
112,
118,
119,
137,
137,
139,
149,
149,
150,
155,
162,
160,
169,
171,
168,
171,
173,
171,
173,
175,
174,
177,
178,
178,
174,
176,
175,
174,
176,
175,
177,
179,
177,
182,
185,
185,
171,
174,
173,
0,
0,
0,
68,
67,
68,
141,
138,
138,
164,
160,
152,
171,
154,
152,
148,
133,
132,
138,
123,
122,
163,
160,
157,
167,
151,
150,
163,
141,
142,
120,
77,
85,
75,
51,
52,
75,
56,
57,
38,
32,
35,
43,
40,
46,
59,
43,
52,
65,
53,
56,
66,
65,
65,
88,
94,
94,
150,
152,
150,
150,
152,
150,
157,
158,
156,
160,
162,
160,
170,
172,
169,
173,
175,
172,
174,
176,
173,
174,
176,
174,
174,
176,
175,
174,
176,
175,
173,
175,
174,
174,
177,
176,
172,
173,
171,
0,
0,
0,
43,
43,
46,
116,
115,
112,
139,
138,
130,
144,
143,
138,
151,
152,
148,
160,
161,
157,
154,
161,
156,
137,
134,
134,
99,
97,
96,
59,
46,
46,
17,
18,
14,
17,
18,
14,
10,
18,
14,
12,
21,
22,
73,
75,
74,
80,
80,
79,
101,
101,
99,
129,
130,
127,
153,
155,
152,
157,
159,
156,
160,
162,
159,
164,
166,
163,
169,
171,
168,
171,
173,
170,
172,
174,
171,
173,
175,
173,
175,
177,
176,
176,
178,
177,
176,
178,
177,
175,
177,
175,
177,
177,
173,
0,
0,
0,
78,
80,
83,
126,
126,
122,
155,
155,
153,
155,
155,
153,
153,
157,
154,
156,
161,
157,
94,
94,
92,
77,
79,
76,
51,
51,
52,
21,
26,
25,
43,
46,
43,
54,
57,
53,
62,
66,
63,
68,
71,
69,
140,
142,
139,
145,
147,
144,
150,
152,
149,
151,
153,
150,
162,
164,
161,
164,
166,
163,
167,
169,
166,
167,
169,
166,
173,
175,
172,
171,
173,
170,
172,
174,
171,
174,
176,
174,
178,
180,
179,
179,
181,
180,
179,
181,
180,
176,
177,
175,
178,
179,
176,
0,
0,
0,
0,
0,
0,
156,
160,
160,
155,
158,
157,
143,
143,
144,
129,
130,
128,
110,
108,
106,
45,
46,
44,
34,
36,
33,
34,
35,
33,
36,
39,
36,
108,
110,
107,
121,
123,
120,
130,
131,
128,
136,
138,
135,
159,
161,
158,
160,
162,
159,
159,
161,
158,
160,
162,
159,
170,
172,
169,
171,
173,
170,
174,
176,
173,
174,
176,
173,
176,
178,
175,
176,
178,
175,
177,
179,
176,
177,
179,
178,
181,
184,
183,
180,
183,
183,
181,
184,
183,
178,
181,
180,
175,
179,
178,
0,
0,
0,
0,
0,
0,
160,
165,
163,
143,
145,
144,
122,
124,
123,
93,
94,
92,
66,
67,
65,
102,
104,
101,
89,
92,
89,
88,
90,
87,
96,
98,
95,
154,
156,
153,
152,
154,
151,
152,
154,
151,
155,
157,
154,
172,
174,
171,
170,
172,
169,
170,
172,
169,
170,
172,
169,
178,
180,
177,
178,
180,
177,
178,
180,
177,
179,
181,
178,
179,
182,
180,
178,
181,
179,
179,
182,
180,
182,
185,
183,
181,
185,
184,
179,
183,
182,
179,
183,
182,
178,
182,
181,
176,
180,
179,
0,
0,
0,
0,
0,
0,
154,
157,
155,
164,
166,
165,
155,
157,
156,
137,
139,
136,
120,
122,
119,
157,
159,
156,
151,
153,
150,
150,
152,
149,
151,
153,
150,
169,
171,
168,
169,
171,
168,
167,
170,
167,
171,
173,
170,
179,
181,
178,
179,
181,
178,
177,
179,
176,
177,
179,
176,
181,
183,
182,
183,
185,
183,
183,
185,
183,
182,
184,
182,
182,
186,
185,
181,
185,
184,
181,
185,
184,
182,
186,
185,
182,
186,
185,
180,
184,
183,
181,
185,
184,
178,
182,
181,
178,
182,
181,
0,
0,
0,
0,
0,
0,
169,
171,
170,
164,
166,
165,
178,
180,
179,
175,
177,
176,
170,
172,
170,
165,
167,
164,
177,
179,
176,
175,
177,
174,
174,
176,
173,
177,
179,
176,
177,
179,
176,
179,
181,
178,
179,
181,
178,
180,
182,
180,
178,
180,
178,
178,
180,
178,
180,
182,
180,
182,
184,
183,
182,
184,
183,
183,
185,
184,
184,
186,
185,
184,
188,
187,
185,
189,
188,
184,
188,
187,
183,
187,
186,
184,
188,
187,
185,
189,
188,
184,
188,
187,
181,
185,
184,
178,
182,
181,
0,
0,
0,
0,
0,
0,
0,
0,
0,
179,
181,
180,
181,
183,
182,
181,
183,
182,
180,
182,
180,
179,
181,
178,
183,
185,
182,
182,
184,
181,
180,
182,
179,
177,
179,
176,
185,
188,
186,
184,
187,
185,
183,
186,
184,
180,
182,
180,
186,
188,
187,
184,
186,
185,
184,
186,
185,
182,
184,
183,
187,
189,
188,
187,
189,
188,
186,
188,
187,
184,
188,
187,
189,
193,
192,
188,
192,
191,
185,
189,
188,
185,
189,
188,
182,
186,
185,
184,
188,
187,
182,
186,
185,
180,
184,
183,
0,
0,
0,
0,
0,
0,
0,
0,
0,
182,
184,
183,
187,
189,
188,
188,
190,
188,
185,
187,
185,
184,
186,
183,
188,
191,
189,
184,
187,
185,
182,
185,
183,
184,
187,
185,
184,
188,
187,
184,
188,
187,
187,
190,
189,
189,
191,
190,
191,
193,
192,
190,
192,
191,
189,
191,
190,
189,
191,
190,
187,
189,
188,
187,
189,
188,
189,
191,
190,
189,
191,
190,
182,
186,
185,
183,
187,
186,
184,
188,
187,
183,
187,
186,
0,
0,
0,
0,
0,
0,
0,
0,
0,
0,
0,
0,
0,
0,
0,
0,
0,
0,
0,
0,
0,
186,
188,
187,
186,
189,
188,
188,
191,
190,
187,
190,
188,
186,
189,
187,
182,
186,
185,
182,
186,
185,
186,
190,
189,
186,
190,
189,
185,
189,
188,
184,
188,
187,
183,
187,
186,
184,
187,
186,
188,
189,
188,
187,
189,
188,
187,
189,
188,
186,
188,
187,
192,
194,
193,
191,
193,
192,
187,
189,
188,
184,
186,
185,
0,
0,
0,
0,
0,
0,
0,
0,
0,
0,
0,
0,
0,
0,
0,
0,
0,
0,
0,
0,
0,
0,
0,
0,
0,
0,
0,
0,
0,
0,
0,
0,
0,
183,
186,
185,
183,
187,
186,
183,
187,
186,
183,
187,
186,
184,
188,
187,
180,
184,
183,
183,
187,
186,
185,
189,
188,
183,
187,
186,
188,
192,
191,
187,
191,
190,
188,
192,
191,
189,
193,
192,
193,
195,
194,
191,
193,
192,
190,
192,
191,
191,
193,
192,
0,
0,
0,
0,
0,
0,
0,
0,
0,
0,
0,
0,
0,
0,
0,
0,
0,
0,
0,
0,
0,
0,
0,
0,
0,
0,
0,
0,
0,
0,
0,
0,
0,
0,
0,
0,
0,
0,
0,
0,
0,
0,
0,
0,
0,
0,
0,
0,
0,
0,
0,
0,
0,
0,
0,
0,
0,
0,
0,
0,
0,
0,
0,
0,
0,
0,
0,
0,
0,
0,
0,
0,
0,
0,
0,
0,
0,
0,
0,
0,
0,
0,
0,
0,
0,
0,
0,
0,
0,
0,
0,
0,
0,
0,
0,
0,
0,
0,
0,
0,
0,
0,
0,
0,
0,
0,
0,
0,
0,
0,
0,
0,
0,
0,
0,
0,
0,
0,
0,
0,
0,
0,
0,
0,
0,
0,
0,
0,
0,
0,
0,
0,
0,
0,
0,
0,
0,
0,
0,
0,
0,
0,
0,
0,
0,
0,
0,
0,
0,
0,
0,
0,
0,
0,
0,
0,
0,
0,
0,
0,
0,
0,
0,
0,
0,
0,
0,
0,
0,
0,
0,
0,
0,
0,
0,
0,
0,
0,
0,
0,
0,
0,
0,
0,
0,
0,
0,
0,
0,
0,
0,
0,
0,
0,
0,
0,
0,
0,
0,
0,
0,
0,
0,
0,
0,
0,
0,
0,
0,
0,
0,
0,
0,
0,
0,
0,
0,
0,
0,
0,
0,
0,
0,
0,
0,
0,
0,
0,
0,
0,
0,
