# maxpool2 (shape [8, 8, 32]),
4,
14,
53,
4,
0,
25,
29,
9,
25,
0,
0,
56,
20,
12,
63,
24,
41,
12,
87,
59,
25,
40,
14,
8,
9,
23,
49,
0,
0,
24,
33,
0,
20,
17,
28,
11,
0,
30,
22,
0,
34,
0,
0,
28,
0,
6,
35,
17,
33,
29,
20,
34,
9,
8,
41,
0,
0,
0,
48,
13,
0,
0,
71,
0,
10,
16,
13,
27,
3,
28,
28,
0,
42,
0,
5,
32,
0,
4,
0,
18,
49,
22,
13,
13,
0,
3,
50,
0,
0,
0,
38,
33,
1,
0,
59,
0,
6,
2,
23,
38,
5,
24,
24,
20,
46,
0,
9,
30,
0,
11,
0,
11,
48,
25,
29,
0,
0,
28,
21,
0,
8,
0,
43,
43,
0,
0,
41,
0,
0,
11,
0,
37,
10,
30,
15,
30,
38,
0,
5,
49,
0,
12,
0,
10,
31,
26,
47,
28,
14,
41,
33,
0,
13,
0,
39,
1,
0,
0,
41,
0,
0,
0,
25,
59,
3,
31,
0,
30,
23,
0,
0,
32,
11,
14,
0,
28,
32,
38,
62,
5,
44,
39,
13,
0,
19,
0,
0,
15,
0,
4,
0,
0,
3,
24,
0,
76,
19,
53,
0,
8,
28,
0,
0,
31,
12,
58,
11,
46,
3,
18,
60,
45,
55,
81,
45,
24,
41,
46,
0,
0,
0,
18,
64,
12,
30,
0,
55,
91,
34,
0,
38,
0,
3,
52,
23,
2,
4,
50,
0,
48,
83,
54,
0,
0,
32,
55,
67,
42,
49,
42,
0,
72,
0,
142,
19,
0,
15,
0,
17,
19,
0,
12,
17,
46,
21,
0,
22,
42,
33,
21,
2,
21,
30,
41,
21,
56,
27,
22,
20,
0,
0,
9,
14,
0,
38,
0,
27,
0,
0,
0,
0,
54,
20,
36,
0,
13,
36,
0,
21,
23,
0,
45,
0,
11,
17,
15,
44,
41,
24,
45,
6,
0,
66,
4,
0,
34,
0,
12,
41,
0,
0,
0,
0,
24,
9,
44,
10,
13,
41,
0,
0,
0,
0,
71,
0,
22,
10,
10,
23,
4,
26,
29,
0,
0,
71,
0,
0,
64,
0,
42,
42,
50,
0,
0,
0,
70,
14,
47,
32,
31,
26,
30,
5,
5,
28,
55,
0,
37,
13,
14,
0,
0,
8,
30,
0,
1,
62,
0,
0,
7,
0,
40,
7,
35,
8,
9,
14,
34,
22,
19,
29,
0,
13,
11,
44,
43,
37,
34,
32,
25,
0,
17,
0,
17,
38,
41,
0,
0,
44,
8,
0,
13,
0,
6,
32,
21,
26,
17,
28,
69,
0,
5,
9,
8,
15,
0,
5,
28,
34,
52,
13,
31,
31,
16,
1,
5,
20,
21,
0,
0,
13,
0,
15,
22,
20,
0,
32,
26,
12,
0,
28,
65,
12,
0,
9,
0,
33,
0,
18,
43,
43,
28,
24,
38,
27,
5,
5,
27,
6,
28,
0,
0,
5,
10,
11,
31,
35,
0,
17,
17,
16,
0,
42,
129,
0,
0,
19,
0,
0,
60,
0,
0,
0,
20,
0,
27,
42,
43,
0,
0,
15,
58,
92,
26,
14,
75,
0,
35,
0,
136,
0,
0,
26,
26,
21,
15,
1,
62,
25,
65,
0,
0,
49,
25,
62,
26,
43,
12,
0,
42,
27,
58,
45,
44,
0,
0,
58,
2,
13,
15,
7,
0,
42,
0,
35,
38,
25,
89,
29,
13,
68,
0,
26,
15,
31,
42,
14,
46,
41,
37,
7,
12,
5,
21,
18,
32,
1,
0,
71,
31,
11,
13,
2,
1,
18,
0,
0,
4,
0,
74,
0,
0,
79,
0,
29,
9,
12,
55,
1,
50,
0,
46,
22,
0,
2,
0,
11,
13,
11,
46,
87,
2,
0,
6,
28,
39,
16,
12,
0,
0,
9,
79,
0,
0,
59,
0,
50,
0,
0,
50,
13,
0,
0,
31,
15,
0,
3,
0,
22,
0,
0,
24,
8,
0,
0,
22,
122,
41,
0,
21,
21,
4,
33,
96,
0,
0,
42,
0,
57,
0,
76,
27,
32,
35,
26,
33,
25,
14,
5,
10,
25,
2,
11,
0,
9,
1,
2,
19,
179,
5,
13,
9,
29,
16,
37,
41,
0,
3,
21,
0,
27,
35,
86,
46,
29,
35,
28,
8,
40,
18,
10,
0,
5,
5,
0,
16,
7,
0,
17,
36,
30,
0,
19,
0,
10,
0,
36,
76,
0,
0,
13,
66,
16,
15,
44,
31,
60,
33,
0,
43,
42,
0,
15,
0,
3,
0,
0,
6,
0,
0,
0,
60,
102,
54,
0,
12,
0,
0,
71,
168,
0,
0,
23,
0,
0,
14,
0,
0,
0,
14,
0,
70,
5,
7,
0,
0,
75,
67,
69,
0,
0,
109,
0,
0,
68,
137,
0,
19,
20,
0,
27,
83,
0,
0,
54,
0,
71,
0,
76,
59,
56,
37,
33,
22,
41,
38,
8,
13,
41,
0,
32,
16,
0,
0,
12,
23,
116,
15,
22,
31,
36,
11,
34,
34,
0,
0,
31,
0,
72,
0,
35,
85,
25,
23,
31,
9,
38,
15,
10,
2,
32,
0,
10,
35,
0,
0,
25,
32,
109,
0,
43,
34,
23,
0,
19,
60,
0,
0,
13,
0,
65,
0,
0,
59,
25,
31,
17,
9,
40,
0,
4,
8,
37,
0,
20,
53,
0,
0,
0,
24,
134,
5,
16,
22,
9,
0,
13,
90,
0,
18,
25,
41,
8,
77,
97,
9,
16,
42,
24,
10,
25,
0,
0,
0,
33,
0,
0,
58,
80,
7,
17,
65,
73,
22,
30,
1,
19,
0,
39,
116,
0,
17,
0,
40,
1,
0,
10,
6,
46,
47,
22,
15,
61,
3,
0,
30,
31,
0,
3,
24,
15,
0,
19,
50,
173,
40,
61,
38,
0,
0,
1,
70,
0,
6,
42,
23,
0,
40,
90,
67,
0,
90,
1,
46,
57,
0,
38,
6,
21,
11,
15,
28,
40,
25,
0,
0,
0,
60,
48,
32,
0,
0,
0,
57,
0,
29,
29,
88,
0,
13,
23,
32,
26,
66,
0,
44,
42,
0,
64,
49,
22,
26,
0,
2,
41,
28,
0,
0,
8,
56,
0,
0,
0,
0,
122,
102,
33,
0,
5,
0,
0,
14,
13,
0,
5,
0,
24,
36,
2,
60,
0,
44,
57,
74,
0,
0,
0,
127,
0,
0,
0,
93,
0,
42,
3,
8,
13,
85,
0,
53,
15,
40,
0,
39,
58,
36,
19,
55,
0,
13,
22,
5,
33,
50,
29,
17,
6,
18,
37,
24,
17,
7,
61,
31,
31,
3,
4,
22,
20,
33,
3,
39,
0,
0,
0,
37,
75,
20,
0,
19,
0,
14,
32,
0,
39,
21,
32,
9,
0,
40,
58,
15,
25,
6,
35,
7,
50,
0,
24,
1,
26,
36,
0,
26,
0,
22,
0,
24,
11,
3,
26,
73,
0,
15,
46,
0,
0,
5,
50,
0,
0,
51,
75,
0,
14,
70,
162,
68,
34,
4,
27,
0,
13,
124,
0,
0,
32,
15,
0,
85,
30,
34,
35,
63,
1,
12,
56,
0,
0,
0,
21,
0,
0,
16,
52,
32,
11,
0,
65,
49,
9,
10,
0,
0,
3,
37,
0,
35,
29,
76,
0,
0,
36,
85,
0,
72,
0,
26,
34,
0,
85,
14,
0,
20,
5,
35,
58,
43,
15,
0,
21,
76,
18,
17,
39,
0,
28,
16,
33,
60,
22,
49,
2,
0,
0,
51,
1,
0,
55,
32,
19,
10,
86,
71,
21,
40,
0,
21,
21,
29,
12,
11,
10,
30,
47,
0,
55,
14,
28,
14,
36,
66,
0,
38,
27,
0,
2,
11,
19,
0,
57,
22,
10,
44,
41,
74,
31,
44,
3,
0,
0,
20,
46,
21,
0,
0,
43,
3,
36,
0,
103,
101,
51,
0,
10,
0,
0,
0,
0,
0,
17,
11,
57,
13,
11,
63,
0,
32,
54,
63,
0,
0,
0,
132,
0,
0,
0,
90,
0,
41,
0,
0,
4,
39,
9,
31,
18,
22,
18,
22,
4,
10,
27,
15,
42,
13,
9,
48,
0,
43,
41,
57,
22,
0,
32,
10,
0,
0,
44,
78,
25,
0,
0,
0,
0,
36,
35,
69,
31,
0,
0,
0,
17,
81,
0,
93,
8,
51,
18,
0,
27,
37,
35,
30,
23,
30,
70,
20,
0,
0,
0,
32,
30,
42,
0,
0,
0,
23,
22,
13,
38,
37,
0,
5,
7,
56,
0,
120,
0,
48,
44,
0,
66,
4,
12,
31,
10,
40,
88,
42,
0,
0,
0,
76,
6,
13,
20,
0,
32,
11,
31,
59,
35,
57,
0,
0,
6,
48,
0,
0,
18,
33,
37,
0,
66,
62,
4,
35,
1,
18,
50,
46,
8,
0,
0,
53,
15,
0,
54,
11,
32,
19,
38,
49,
0,
54,
20,
0,
4,
24,
9,
0,
39,
10,
22,
46,
55,
66,
15,
29,
7,
0,
0,
42,
39,
8,
0,
0,
30,
0,
62,
26,
35,
0,
36,
27,
0,
8,
16,
0,
8,
17,
25,
0,
49,
3,
18,
51,
7,
53,
14,
31,
9,
0,
0,
24,
50,
10,
0,
0,
41,
0,
61,
26,
21,
0,
35,
27,
0,
10,
14,
0,
8,
20,
29,
0,
37,
0,
17,
53,
9,
41,
6,
27,
7,
0,
0,
19,
52,
2,
0,
0,
42,
0,
43,
0,
97,
98,
50,
0,
9,
0,
0,
0,
0,
0,
18,
3,
53,
5,
17,
65,
0,
23,
35,
59,
0,
0,
0,
132,
0,
0,
0,
86,
0,
32,
0,
52,
16,
55,
0,
0,
16,
20,
0,
0,
4,
28,
51,
21,
0,
42,
0,
29,
0,
10,
70,
66,
6,
0,
14,
25,
0,
0,
52,
139,
0,
0,
33,
56,
63,
19,
14,
54,
7,
21,
52,
0,
25,
30,
0,
3,
32,
37,
0,
0,
64,
62,
19,
48,
25,
0,
0,
24,
50,
1,
0,
0,
36,
0,
38,
31,
47,
14,
32,
68,
0,
31,
33,
0,
2,
7,
0,
0,
25,
9,
8,
19,
41,
55,
9,
36,
12,
0,
0,
23,
63,
13,
0,
0,
33,
0,
53,
33,
39,
10,
37,
42,
0,
10,
25,
0,
5,
15,
4,
0,
38,
9,
14,
39,
7,
49,
9,
30,
14,
0,
0,
19,
69,
13,
0,
0,
37,
0,
60,
22,
35,
29,
34,
50,
0,
8,
47,
0,
10,
15,
21,
0,
37,
0,
16,
56,
5,
57,
9,
38,
9,
0,
0,
15,
85,
16,
0,
0,
45,
0,
58,
0,
35,
13,
35,
53,
2,
27,
57,
0,
0,
11,
24,
0,
41,
0,
11,
69,
2,
49,
43,
48,
14,
0,
5,
0,
69,
38,
0,
6,
56,
0,
40,
0,
27,
27,
17,
49,
56,
6,
53,
2,
10,
0,
0,
60,
46,
8,
0,
56,
0,
54,
78,
48,
12,
0,
29,
0,
76,
12,
0,
90,
50,
0,
0,
17,
106,
70,
39,
0,
47,
0,
7,
0,
17,
8,
0,
83,
18,
24,
0,
45,
0,
15,
73,
67,
0,
0,
0,
44,
0,
0,
0,
108,
0,
8,
0,
0,
0,
69,
0,
15,
35,
79,
0,
54,
16,
0,
77,
4,
0,
60,
19,
48,
3,
72,
106,
55,
0,
0,
0,
67,
14,
52,
38,
124,
0,
104,
0,
0,
0,
0,
4,
57,
29,
4,
76,
0,
33,
0,
57,
30,
20,
29,
0,
63,
0,
39,
84,
45,
0,
5,
48,
0,
54,
15,
0,
45,
78,
145,
0,
0,
0,
0,
3,
57,
29,
7,
76,
0,
10,
0,
59,
31,
9,
4,
0,
64,
1,
12,
68,
43,
0,
5,
29,
0,
53,
16,
0,
45,
68,
140,
0,
0,
0,
0,
4,
57,
28,
5,
75,
0,
9,
0,
57,
31,
9,
3,
0,
64,
2,
12,
69,
44,
0,
3,
29,
0,
53,
16,
0,
46,
69,
141,
0,
0,
0,
0,
7,
58,
53,
0,
39,
0,
0,
0,
54,
91,
0,
48,
0,
45,
6,
13,
64,
53,
0,
29,
47,
0,
30,
0,
2,
93,
50,
176,
0,
0,
36,
0,
19,
0,
34,
0,
0,
33,
0,
16,
41,
101,
10,
51,
0,
0,
3,
3,
80,
53,
0,
39,
49,
17,
77,
0,
24,
110,
73,
168,
0,
0,
24,
0,
0,
0,
47,
21,
0,
52,
0,
25,
37,
113,
0,
37,
0,
7,
8,
23,
53,
46,
0,
49,
77,
4,
84,
0,
27,
91,
80,
169,
45,
2,
35,
0,
0,
3,
42,
18,
0,
43,
11,
42,
46,
48,
30,
51,
31,
59,
14,
24,
0,
50,
0,
54,
55,
40,
79,
0,
19,
25,
79,
152,
