# block4.conv1.sn_branches.2.0 (shape [4, 4, 64]),
13,
51,
19,
0,
0,
0,
0,
0,
0,
49,
44,
43,
29,
0,
0,
52,
40,
0,
34,
31,
66,
44,
48,
0,
0,
0,
26,
0,
1,
32,
0,
46,
0,
0,
31,
0,
0,
29,
7,
0,
20,
0,
0,
26,
78,
52,
0,
45,
1,
0,
3,
49,
0,
0,
0,
0,
23,
45,
0,
12,
0,
52,
138,
0,
0,
43,
34,
0,
14,
0,
0,
0,
44,
40,
66,
35,
27,
0,
31,
23,
54,
0,
27,
23,
78,
44,
39,
10,
0,
0,
54,
0,
0,
27,
0,
51,
0,
0,
35,
0,
0,
0,
0,
0,
32,
0,
0,
41,
0,
48,
0,
8,
26,
0,
0,
6,
58,
0,
0,
47,
55,
69,
0,
3,
0,
67,
141,
0,
0,
9,
19,
0,
2,
0,
13,
36,
0,
60,
85,
38,
6,
15,
45,
0,
29,
0,
44,
97,
0,
11,
52,
48,
0,
2,
63,
0,
0,
0,
70,
53,
0,
0,
0,
26,
0,
0,
26,
0,
7,
18,
0,
44,
9,
44,
0,
14,
31,
0,
0,
0,
35,
0,
0,
20,
30,
133,
0,
26,
1,
42,
79,
0,
10,
26,
51,
0,
11,
0,
0,
56,
0,
0,
3,
34,
0,
0,
3,
0,
27,
4,
44,
14,
84,
51,
0,
68,
0,
3,
34,
0,
7,
0,
179,
25,
0,
27,
8,
18,
0,
0,
23,
3,
0,
0,
35,
52,
24,
53,
0,
18,
84,
0,
0,
0,
46,
0,
0,
43,
0,
86,
13,
18,
0,
21,
46,
0,
42,
0,
29,
0,
0,
15,
0,
0,
0,
87,
65,
15,
44,
11,
0,
68,
48,
0,
41,
31,
0,
0,
54,
0,
0,
0,
57,
37,
16,
5,
74,
25,
25,
0,
6,
2,
0,
90,
39,
0,
0,
19,
0,
3,
116,
45,
0,
0,
19,
39,
43,
63,
0,
5,
0,
0,
83,
60,
0,
6,
0,
0,
0,
0,
49,
14,
116,
46,
32,
11,
18,
0,
0,
0,
98,
8,
62,
0,
0,
28,
66,
0,
36,
26,
20,
0,
27,
101,
74,
23,
47,
18,
77,
0,
243,
0,
58,
149,
35,
0,
0,
48,
11,
0,
5,
40,
0,
30,
18,
39,
0,
0,
26,
46,
36,
29,
17,
17,
36,
62,
44,
46,
27,
0,
9,
21,
0,
0,
38,
40,
102,
40,
63,
41,
8,
0,
0,
0,
52,
21,
49,
0,
40,
4,
0,
22,
27,
82,
0,
20,
27,
61,
24,
38,
0,
64,
11,
44,
255,
22,
6,
82,
0,
0,
0,
29,
32,
0,
68,
43,
65,
60,
0,
27,
0,
0,
0,
12,
0,
0,
0,
0,
87,
60,
0,
9,
16,
41,
33,
44,
0,
0,
14,
12,
109,
19,
55,
5,
4,
14,
0,
0,
0,
47,
26,
0,
62,
0,
0,
136,
28,
47,
0,
94,
0,
91,
0,
26,
0,
60,
45,
17,
179,
29,
0,
0,
0,
0,
0,
0,
19,
62,
23,
7,
13,
57,
12,
52,
19,
0,
27,
0,
0,
0,
32,
0,
78,
72,
0,
0,
47,
16,
47,
20,
0,
0,
33,
8,
30,
8,
0,
12,
3,
11,
0,
34,
0,
18,
47,
0,
0,
89,
9,
0,
42,
11,
0,
8,
52,
15,
41,
0,
38,
85,
44,
123,
98,
28,
8,
34,
0,
0,
4,
41,
19,
0,
79,
0,
0,
0,
23,
37,
13,
0,
0,
0,
0,
0,
0,
0,
72,
0,
88,
0,
2,
46,
0,
0,
0,
0,
70,
45,
8,
71,
0,
0,
0,
9,
0,
0,
0,
15,
47,
0,
38,
40,
0,
0,
41,
9,
0,
57,
39,
122,
52,
27,
0,
88,
110,
137,
170,
7,
0,
92,
27,
0,
0,
43,
0,
0,
114,
0,
40,
6,
0,
13,
86,
0,
0,
0,
77,
0,
0,
0,
174,
116,
10,
0,
11,
19,
49,
0,
0,
15,
44,
54,
0,
44,
13,
20,
0,
38,
0,
0,
1,
36,
32,
31,
26,
0,
0,
6,
40,
38,
0,
105,
53,
82,
0,
0,
0,
30,
35,
106,
78,
32,
0,
0,
0,
30,
22,
61,
0,
1,
81,
0,
35,
49,
0,
24,
74,
0,
0,
0,
127,
0,
0,
53,
171,
140,
0,
0,
38,
17,
59,
0,
20,
0,
55,
0,
0,
0,
7,
22,
0,
36,
73,
0,
0,
49,
0,
16,
0,
0,
27,
113,
40,
31,
0,
135,
18,
38,
0,
0,
4,
36,
41,
0,
0,
46,
0,
0,
0,
19,
0,
11,
0,
78,
38,
17,
0,
58,
16,
48,
0,
68,
0,
0,
44,
0,
61,
31,
127,
61,
0,
16,
53,
0,
41,
1,
45,
0,
64,
5,
0,
0,
2,
10,
0,
51,
52,
20,
0,
64,
47,
6,
0,
62,
26,
36,
42,
45,
0,
34,
52,
0,
65,
0,
38,
16,
17,
96,
0,
46,
0,
3,
0,
0,
99,
37,
0,
0,
40,
20,
0,
35,
2,
36,
84,
48,
0,
0,
40,
2,
0,
46,
100,
0,
85,
0,
44,
5,
9,
0,
13,
0,
21,
2,
0,
21,
0,
53,
0,
52,
95,
0,
0,
66,
58,
0,
0,
2,
14,
86,
42,
0,
0,
65,
52,
16,
14,
20,
0,
42,
34,
45,
0,
45,
0,
0,
11,
0,
118,
0,
0,
0,
71,
75,
0,
44,
0,
29,
11,
51,
0,
10,
55,
0,
0,
111,
119,
79,
0,
0,
53,
0,
9,
0,
4,
0,
66,
15,
0,
18,
0,
64,
0,
61,
241,
67,
0,
65,
59,
0,
0,
0,
37,
47,
42,
0,
0,
21,
56,
11,
0,
0,
8,
0,
12,
14,
0,
45,
16,
0,
0,
0,
144,
6,
0,
9,
74,
46,
0,
53,
26,
34,
0,
10,
0,
32,
12,
0,
26,
57,
10,
55,
0,
0,
68,
0,
2,
0,
73,
0,
77,
0,
0,
0,
0,
14,
0,
44,
255,
49,
0,
63,
44,
0,
8,
0,
44,
54,
42,
0,
0,
0,
21,
0,
0,
0,
45,
0,
15,
0,
0,
46,
57,
2,
0,
0,
90,
29,
4,
129,
100,
0,
0,
58,
0,
56,
0,
25,
0,
48,
1,
0,
77,
0,
0,
24,
0,
0,
60,
0,
82,
6,
56,
19,
