# maxpool5 (shape [1, 1, 256]),
30,
70,
34,
27,
30,
21,
38,
30,
62,
46,
56,
47,
11,
22,
27,
50,
38,
22,
1,
55,
43,
37,
8,
32,
36,
81,
19,
42,
51,
20,
63,
24,
18,
89,
99,
44,
38,
27,
56,
36,
28,
35,
23,
55,
0,
28,
10,
24,
28,
22,
14,
37,
45,
55,
0,
3,
51,
37,
38,
31,
46,
9,
2,
35,
15,
41,
48,
23,
42,
76,
46,
50,
7,
0,
0,
16,
20,
33,
47,
75,
29,
39,
30,
0,
14,
0,
0,
30,
25,
42,
34,
33,
69,
0,
58,
38,
2,
73,
17,
9,
26,
41,
7,
31,
10,
17,
13,
43,
24,
36,
28,
27,
42,
12,
125,
12,
63,
40,
26,
2,
20,
0,
2,
22,
20,
62,
21,
12,
8,
45,
5,
27,
12,
4,
38,
22,
23,
23,
52,
27,
27,
24,
28,
61,
34,
27,
42,
61,
10,
41,
18,
50,
32,
21,
28,
55,
34,
34,
44,
6,
47,
43,
27,
32,
62,
38,
16,
40,
12,
73,
56,
11,
35,
6,
23,
8,
21,
16,
21,
89,
17,
60,
49,
0,
28,
47,
0,
0,
0,
36,
17,
49,
20,
26,
56,
60,
14,
39,
103,
33,
4,
0,
30,
13,
35,
21,
27,
2,
67,
44,
25,
20,
46,
36,
65,
36,
26,
14,
65,
21,
26,
3,
17,
80,
0,
33,
5,
89,
50,
11,
19,
44,
35,
18,
2,
35,
0,
64,
25,
46,
38,
39,
54,
40,
35,
38,
70,
15,
38,
60,
18,
18,
19,
16,
64,
1,
