# maxpool3 (shape [4, 4, 64]),
40,
15,
51,
53,
14,
14,
29,
48,
16,
15,
15,
10,
20,
28,
47,
33,
11,
21,
0,
45,
90,
72,
0,
24,
18,
10,
26,
40,
39,
35,
14,
4,
50,
0,
7,
71,
13,
0,
11,
16,
45,
7,
22,
3,
70,
0,
26,
80,
45,
62,
48,
0,
81,
14,
0,
101,
21,
0,
45,
32,
0,
51,
13,
0,
49,
30,
42,
68,
47,
0,
19,
1,
58,
0,
47,
14,
1,
21,
63,
39,
3,
4,
15,
15,
92,
43,
0,
104,
60,
16,
3,
36,
44,
47,
8,
8,
41,
0,
0,
88,
0,
84,
0,
0,
52,
17,
13,
14,
20,
25,
5,
57,
45,
29,
24,
78,
63,
43,
114,
90,
47,
49,
86,
39,
28,
53,
10,
7,
53,
41,
3,
59,
45,
13,
10,
44,
12,
0,
35,
11,
35,
47,
17,
40,
31,
24,
3,
74,
48,
23,
0,
104,
28,
15,
0,
65,
38,
35,
1,
0,
11,
0,
17,
22,
0,
74,
0,
0,
27,
24,
0,
0,
20,
0,
20,
56,
83,
62,
5,
25,
43,
26,
101,
64,
50,
12,
44,
32,
24,
41,
38,
1,
36,
0,
0,
29,
50,
0,
15,
118,
0,
0,
61,
46,
45,
13,
13,
0,
3,
0,
0,
77,
82,
65,
64,
91,
0,
0,
5,
53,
66,
27,
0,
26,
21,
54,
29,
43,
14,
85,
10,
49,
0,
0,
40,
6,
59,
20,
11,
47,
52,
39,
0,
30,
42,
0,
84,
72,
50,
32,
29,
32,
24,
0,
32,
0,
16,
78,
45,
54,
12,
38,
6,
48,
1,
0,
65,
23,
0,
44,
28,
16,
11,
17,
0,
32,
0,
33,
2,
95,
0,
38,
0,
74,
45,
43,
0,
21,
24,
16,
36,
29,
0,
0,
0,
0,
14,
43,
0,
23,
99,
0,
43,
41,
107,
53,
71,
29,
34,
11,
63,
114,
26,
18,
0,
43,
8,
88,
172,
7,
24,
24,
21,
17,
18,
27,
0,
0,
0,
38,
78,
46,
0,
10,
54,
68,
17,
61,
0,
40,
40,
23,
21,
140,
40,
35,
1,
57,
117,
44,
0,
50,
0,
161,
2,
57,
0,
0,
0,
24,
44,
52,
0,
6,
92,
5,
3,
79,
36,
13,
55,
44,
23,
12,
139,
96,
107,
96,
39,
47,
37,
85,
218,
0,
24,
0,
0,
9,
41,
62,
50,
24,
21,
42,
87,
32,
5,
12,
79,
62,
53,
67,
7,
46,
20,
0,
17,
55,
54,
30,
25,
73,
54,
18,
87,
1,
2,
78,
52,
52,
0,
20,
24,
13,
72,
65,
67,
0,
23,
0,
8,
49,
55,
8,
10,
40,
26,
103,
118,
67,
22,
134,
24,
0,
35,
40,
155,
5,
38,
30,
80,
5,
31,
35,
10,
64,
6,
130,
44,
8,
21,
0,
0,
147,
23,
107,
17,
119,
0,
60,
13,
73,
7,
0,
57,
51,
43,
68,
168,
0,
0,
14,
47,
54,
0,
60,
0,
30,
35,
6,
35,
0,
35,
0,
39,
0,
72,
28,
36,
22,
52,
59,
110,
0,
33,
72,
18,
12,
56,
9,
81,
0,
30,
11,
29,
30,
15,
34,
9,
55,
0,
0,
82,
47,
0,
21,
60,
16,
78,
52,
0,
12,
33,
23,
0,
81,
71,
26,
0,
59,
40,
56,
91,
0,
0,
49,
21,
82,
26,
0,
37,
0,
87,
7,
25,
51,
34,
5,
49,
0,
21,
0,
11,
0,
10,
55,
67,
129,
22,
61,
19,
0,
0,
46,
108,
0,
1,
0,
95,
0,
0,
23,
28,
37,
8,
141,
119,
39,
0,
0,
39,
102,
45,
42,
0,
23,
25,
19,
0,
102,
62,
0,
66,
83,
57,
129,
187,
2,
0,
87,
9,
82,
1,
11,
0,
0,
105,
4,
68,
19,
11,
27,
75,
0,
0,
0,
95,
0,
40,
116,
98,
97,
80,
130,
33,
3,
52,
73,
139,
27,
22,
34,
103,
0,
0,
48,
25,
62,
16,
146,
37,
15,
22,
63,
0,
102,
0,
73,
0,
55,
8,
86,
0,
62,
2,
0,
68,
0,
26,
120,
171,
0,
34,
0,
40,
0,
60,
0,
28,
51,
81,
25,
66,
0,
0,
26,
85,
0,
0,
21,
116,
0,
56,
53,
0,
46,
28,
33,
21,
31,
0,
71,
20,
12,
14,
61,
61,
49,
2,
39,
33,
80,
77,
142,
0,
17,
34,
42,
64,
84,
0,
92,
0,
84,
21,
151,
19,
4,
4,
0,
4,
20,
39,
99,
144,
0,
50,
0,
72,
0,
54,
0,
0,
111,
37,
39,
23,
0,
47,
11,
0,
40,
21,
69,
46,
0,
74,
23,
0,
0,
0,
0,
0,
53,
96,
0,
0,
1,
8,
53,
98,
89,
15,
14,
38,
69,
76,
30,
0,
0,
0,
39,
0,
16,
0,
117,
0,
69,
23,
65,
0,
19,
14,
23,
6,
0,
0,
36,
75,
0,
0,
23,
69,
20,
102,
3,
15,
0,
47,
41,
0,
10,
31,
0,
72,
0,
0,
34,
54,
43,
2,
23,
0,
50,
72,
11,
10,
46,
0,
24,
0,
0,
34,
60,
18,
108,
0,
45,
0,
54,
127,
100,
0,
0,
0,
33,
16,
44,
0,
96,
0,
36,
33,
89,
0,
0,
8,
0,
15,
0,
0,
78,
117,
0,
19,
0,
43,
29,
105,
51,
0,
0,
61,
79,
0,
14,
0,
43,
24,
20,
24,
15,
71,
15,
52,
12,
0,
22,
74,
4,
0,
60,
0,
70,
0,
0,
7,
27,
0,
99,
0,
56,
0,
56,
225,
26,
0,
0,
0,
18,
68,
0,
0,
67,
0,
12,
21,
29,
0,
0,
0,
0,
0,
7,
0,
39,
12,
0,
26,
0,
99,
60,
127,
27,
0,
24,
65,
47,
24,
0,
64,
0,
0,
25,
10,
47,
16,
0,
70,
66,
1,
8,
0,
41,
0,
51,
0,
0,
0,
9,
0,
43,
1,
62,
0,
20,
0,
72,
222,
41,
0,
8,
0,
0,
90,
0,
0,
48,
0,
0,
1,
28,
13,
0,
18,
0,
6,
0,
3,
32,
0,
0,
0,
27,
127,
82,
110,
6,
0,
37,
72,
30,
19,
0,
12,
0,
0,
68,
18,
31,
27,
0,
61,
107,
31,
16,
0,
42,
0,
84,
99,
0,
0,
28,
