# maxpool1 (shape [16, 16, 16]),
26,
147,
29,
35,
15,
0,
93,
14,
87,
181,
1,
0,
93,
186,
4,
7,
44,
97,
25,
115,
20,
0,
57,
47,
26,
100,
101,
31,
71,
178,
22,
0,
25,
31,
31,
31,
9,
3,
6,
20,
0,
43,
7,
24,
46,
58,
7,
0,
27,
40,
35,
45,
7,
3,
3,
16,
0,
40,
4,
20,
46,
56,
4,
3,
24,
32,
35,
27,
5,
0,
0,
13,
0,
58,
2,
11,
35,
60,
5,
9,
19,
33,
30,
33,
7,
0,
0,
16,
0,
49,
13,
15,
33,
58,
5,
14,
20,
30,
27,
21,
10,
4,
19,
16,
0,
36,
20,
34,
47,
55,
11,
0,
22,
52,
23,
43,
12,
5,
5,
10,
0,
42,
2,
16,
38,
54,
7,
5,
21,
47,
20,
27,
16,
10,
15,
21,
0,
47,
12,
0,
41,
52,
10,
0,
28,
36,
13,
65,
17,
0,
25,
18,
0,
77,
22,
6,
42,
71,
17,
8,
23,
59,
12,
54,
17,
0,
36,
18,
0,
61,
67,
13,
43,
80,
49,
34,
60,
54,
15,
100,
25,
0,
89,
2,
0,
57,
18,
24,
83,
110,
9,
0,
58,
0,
15,
65,
9,
0,
9,
5,
0,
81,
1,
0,
63,
112,
18,
0,
59,
89,
54,
238,
9,
14,
1,
0,
0,
217,
15,
0,
66,
90,
16,
126,
0,
135,
42,
56,
11,
31,
0,
41,
88,
238,
203,
66,
0,
80,
138,
156,
0,
77,
42,
0,
2,
0,
0,
3,
30,
16,
0,
37,
0,
0,
0,
10,
26,
25,
5,
38,
8,
9,
133,
29,
0,
17,
5,
68,
38,
2,
0,
0,
20,
31,
1,
25,
7,
3,
3,
23,
0,
20,
7,
16,
28,
2,
1,
4,
19,
29,
0,
24,
8,
0,
6,
24,
0,
22,
7,
17,
25,
0,
0,
0,
19,
33,
0,
27,
11,
0,
10,
22,
0,
34,
11,
16,
30,
2,
6,
2,
18,
47,
0,
38,
15,
1,
6,
27,
0,
63,
0,
19,
25,
31,
0,
11,
12,
46,
0,
12,
22,
0,
0,
25,
0,
63,
10,
13,
16,
34,
4,
14,
13,
28,
2,
34,
15,
9,
17,
26,
0,
83,
48,
37,
18,
29,
13,
13,
29,
69,
0,
0,
19,
7,
53,
9,
0,
15,
22,
33,
38,
25,
18,
0,
45,
28,
11,
68,
12,
0,
42,
2,
0,
44,
4,
11,
54,
53,
5,
0,
45,
0,
6,
67,
3,
0,
25,
12,
0,
67,
13,
0,
47,
39,
0,
28,
33,
16,
30,
100,
7,
3,
24,
27,
0,
70,
102,
39,
43,
33,
41,
56,
47,
42,
45,
88,
0,
39,
67,
0,
0,
21,
28,
62,
41,
0,
0,
5,
33,
37,
34,
66,
0,
59,
29,
0,
0,
11,
64,
65,
49,
0,
35,
20,
26,
115,
26,
25,
0,
54,
10,
0,
0,
39,
30,
8,
154,
14,
19,
48,
0,
120,
46,
124,
1,
25,
0,
28,
94,
162,
168,
0,
13,
4,
159,
144,
0,
77,
42,
0,
2,
0,
0,
3,
30,
16,
0,
37,
0,
0,
0,
10,
29,
22,
39,
58,
1,
0,
134,
32,
0,
21,
7,
74,
46,
7,
6,
2,
25,
51,
30,
15,
10,
0,
36,
22,
0,
18,
24,
15,
41,
21,
13,
1,
38,
41,
0,
63,
13,
0,
29,
33,
0,
81,
2,
0,
67,
58,
9,
0,
40,
28,
0,
98,
20,
1,
10,
35,
0,
81,
25,
10,
63,
61,
6,
9,
39,
14,
19,
101,
22,
0,
13,
32,
0,
64,
34,
40,
91,
34,
4,
14,
26,
21,
50,
110,
20,
6,
0,
41,
0,
53,
12,
15,
86,
34,
13,
24,
22,
75,
39,
88,
9,
34,
0,
7,
0,
45,
34,
36,
46,
0,
29,
32,
29,
34,
45,
103,
9,
49,
39,
2,
0,
0,
62,
72,
27,
0,
15,
0,
36,
103,
30,
44,
0,
69,
60,
0,
0,
0,
65,
68,
57,
0,
37,
0,
37,
32,
37,
97,
0,
49,
22,
0,
0,
28,
0,
50,
55,
0,
0,
37,
7,
63,
11,
16,
12,
38,
3,
43,
0,
23,
29,
40,
32,
0,
41,
59,
20,
40,
33,
37,
4,
20,
37,
9,
0,
11,
45,
59,
51,
0,
0,
3,
22,
50,
27,
35,
7,
23,
30,
22,
0,
26,
45,
54,
19,
0,
29,
23,
22,
29,
21,
33,
5,
33,
28,
2,
0,
0,
18,
62,
54,
0,
4,
0,
0,
120,
42,
53,
4,
13,
0,
7,
87,
188,
143,
0,
50,
38,
149,
137,
0,
77,
42,
35,
8,
0,
0,
18,
72,
16,
51,
59,
0,
56,
22,
49,
26,
46,
0,
18,
49,
11,
140,
89,
0,
39,
33,
67,
36,
32,
14,
0,
46,
56,
0,
71,
42,
0,
43,
50,
0,
26,
22,
18,
26,
34,
0,
0,
40,
11,
10,
87,
6,
38,
8,
0,
0,
45,
31,
41,
8,
0,
22,
47,
21,
107,
25,
65,
0,
64,
9,
0,
1,
43,
29,
69,
63,
1,
40,
34,
6,
46,
40,
50,
0,
111,
0,
9,
18,
75,
59,
110,
7,
4,
44,
73,
0,
86,
50,
6,
0,
120,
4,
14,
25,
19,
33,
117,
38,
0,
4,
22,
0,
114,
34,
1,
1,
67,
29,
7,
32,
35,
30,
49,
21,
6,
34,
8,
0,
92,
37,
33,
0,
52,
0,
0,
31,
88,
83,
77,
18,
29,
33,
39,
21,
59,
25,
42,
1,
40,
61,
17,
15,
0,
41,
76,
24,
0,
10,
0,
16,
43,
16,
28,
6,
23,
15,
17,
0,
16,
0,
32,
40,
0,
0,
17,
9,
49,
10,
30,
14,
3,
2,
44,
0,
27,
16,
27,
34,
0,
13,
20,
10,
37,
22,
35,
6,
0,
11,
28,
0,
22,
9,
24,
35,
5,
0,
2,
11,
47,
29,
33,
7,
11,
0,
22,
0,
31,
10,
26,
31,
0,
0,
10,
16,
80,
20,
31,
24,
21,
68,
9,
0,
30,
44,
53,
68,
27,
25,
2,
36,
146,
42,
141,
25,
0,
83,
0,
0,
213,
0,
0,
91,
68,
0,
139,
0,
98,
42,
48,
2,
0,
0,
34,
81,
92,
205,
37,
0,
49,
189,
170,
38,
26,
33,
85,
22,
34,
160,
25,
0,
11,
4,
131,
76,
0,
0,
0,
44,
34,
16,
68,
9,
41,
18,
5,
0,
13,
24,
17,
34,
0,
0,
8,
21,
57,
30,
22,
0,
23,
0,
0,
0,
47,
0,
10,
43,
0,
15,
39,
16,
28,
33,
80,
0,
22,
13,
17,
2,
71,
108,
36,
16,
13,
28,
42,
7,
103,
34,
57,
0,
2,
0,
18,
0,
98,
31,
69,
64,
0,
11,
58,
0,
73,
33,
24,
11,
0,
0,
50,
20,
37,
38,
31,
3,
27,
25,
30,
2,
75,
60,
8,
4,
26,
51,
16,
45,
17,
78,
81,
63,
0,
34,
0,
0,
89,
82,
16,
0,
11,
0,
0,
10,
69,
50,
56,
38,
10,
36,
23,
11,
54,
60,
13,
8,
9,
52,
11,
1,
39,
47,
64,
17,
27,
0,
0,
16,
27,
40,
22,
1,
2,
36,
4,
0,
36,
0,
30,
23,
1,
0,
18,
5,
59,
12,
22,
6,
27,
2,
54,
0,
39,
30,
42,
15,
14,
16,
24,
12,
40,
26,
49,
14,
24,
18,
45,
0,
44,
4,
43,
14,
12,
0,
20,
4,
51,
29,
23,
15,
1,
20,
86,
0,
5,
59,
70,
55,
0,
20,
17,
30,
42,
35,
34,
26,
0,
88,
71,
0,
23,
113,
84,
26,
13,
33,
0,
51,
94,
66,
101,
7,
0,
112,
0,
0,
147,
0,
97,
83,
0,
0,
154,
0,
127,
42,
66,
12,
21,
0,
36,
108,
255,
200,
71,
0,
91,
216,
189,
20,
57,
48,
26,
0,
56,
119,
0,
6,
0,
17,
133,
45,
0,
0,
0,
16,
29,
26,
18,
0,
33,
31,
0,
0,
0,
0,
41,
41,
0,
0,
1,
20,
27,
68,
41,
0,
21,
6,
0,
0,
8,
23,
27,
27,
0,
18,
10,
10,
55,
105,
34,
0,
8,
0,
0,
0,
40,
0,
1,
26,
0,
3,
56,
0,
78,
94,
21,
0,
29,
0,
52,
28,
41,
54,
54,
11,
33,
31,
28,
0,
96,
88,
0,
10,
21,
3,
13,
34,
43,
16,
39,
25,
41,
13,
17,
0,
85,
86,
37,
44,
0,
29,
131,
29,
31,
63,
54,
12,
53,
23,
0,
0,
70,
84,
6,
57,
0,
19,
112,
0,
17,
20,
56,
16,
26,
0,
0,
6,
49,
30,
51,
46,
0,
35,
106,
0,
5,
53,
65,
14,
12,
0,
4,
15,
63,
72,
15,
9,
0,
40,
0,
0,
16,
0,
58,
34,
0,
0,
7,
7,
50,
15,
55,
18,
3,
0,
76,
0,
23,
25,
29,
23,
0,
26,
21,
9,
45,
4,
17,
21,
0,
4,
98,
0,
20,
13,
24,
25,
0,
0,
27,
0,
59,
19,
20,
21,
7,
17,
98,
9,
43,
50,
82,
11,
0,
10,
37,
9,
93,
0,
14,
38,
26,
58,
119,
20,
61,
32,
70,
51,
30,
21,
0,
57,
91,
5,
79,
24,
37,
92,
29,
0,
43,
88,
109,
200,
42,
5,
0,
0,
124,
46,
141,
0,
26,
0,
36,
104,
195,
194,
0,
23,
7,
188,
167,
13,
54,
97,
31,
0,
0,
86,
31,
3,
0,
27,
78,
13,
9,
0,
0,
14,
47,
95,
24,
0,
14,
26,
0,
0,
7,
11,
45,
25,
0,
0,
0,
13,
43,
52,
27,
11,
11,
5,
103,
0,
20,
0,
41,
38,
0,
1,
9,
0,
54,
93,
24,
32,
0,
0,
128,
0,
33,
0,
17,
34,
34,
0,
43,
0,
74,
46,
14,
53,
0,
26,
143,
0,
16,
37,
44,
31,
41,
19,
19,
0,
46,
15,
35,
59,
0,
3,
147,
0,
35,
34,
51,
18,
24,
9,
22,
0,
54,
0,
34,
74,
0,
0,
157,
0,
10,
15,
65,
27,
0,
0,
22,
0,
68,
0,
15,
77,
0,
26,
143,
0,
16,
48,
80,
47,
0,
4,
0,
0,
60,
0,
10,
67,
0,
5,
184,
0,
18,
43,
58,
32,
0,
0,
13,
11,
68,
46,
29,
45,
0,
43,
0,
0,
1,
45,
79,
24,
2,
0,
0,
4,
82,
30,
62,
3,
21,
0,
2,
0,
35,
47,
36,
27,
0,
26,
28,
1,
61,
1,
60,
26,
2,
7,
89,
0,
5,
0,
40,
33,
0,
0,
25,
0,
115,
20,
4,
19,
4,
23,
26,
9,
65,
2,
24,
25,
24,
16,
29,
39,
78,
0,
46,
26,
13,
93,
63,
22,
61,
99,
70,
72,
53,
39,
0,
48,
26,
6,
54,
1,
18,
46,
0,
0,
31,
8,
31,
43,
0,
0,
0,
0,
115,
29,
97,
0,
16,
0,
26,
99,
104,
178,
0,
9,
13,
186,
166,
0,
76,
28,
48,
63,
0,
57,
223,
0,
22,
61,
80,
27,
17,
16,
0,
4,
68,
30,
9,
57,
0,
55,
64,
0,
28,
15,
70,
30,
0,
0,
0,
6,
39,
7,
21,
37,
0,
2,
161,
0,
23,
15,
42,
15,
3,
9,
7,
0,
51,
0,
27,
64,
0,
0,
171,
0,
28,
4,
54,
37,
0,
0,
32,
0,
70,
0,
14,
64,
0,
35,
134,
0,
8,
47,
88,
41,
0,
3,
14,
0,
80,
8,
48,
79,
0,
0,
124,
0,
33,
40,
63,
45,
0,
16,
31,
0,
81,
75,
7,
54,
0,
0,
23,
11,
37,
0,
41,
16,
16,
4,
24,
0,
58,
53,
25,
20,
10,
29,
122,
21,
62,
44,
82,
21,
20,
3,
4,
0,
63,
0,
30,
68,
0,
20,
189,
0,
18,
8,
80,
36,
0,
0,
2,
5,
37,
9,
43,
41,
4,
21,
45,
0,
0,
33,
66,
25,
0,
0,
11,
0,
160,
32,
53,
10,
48,
0,
0,
25,
115,
32,
48,
32,
35,
11,
39,
0,
93,
3,
0,
16,
63,
24,
38,
57,
109,
4,
63,
3,
124,
0,
9,
47,
144,
0,
68,
22,
9,
91,
45,
40,
35,
99,
41,
46,
125,
40,
0,
47,
0,
6,
37,
7,
0,
45,
2,
0,
76,
29,
0,
26,
73,
5,
0,
51,
0,
9,
45,
0,
1,
43,
0,
0,
29,
27,
8,
27,
35,
8,
0,
0,
117,
33,
102,
0,
17,
0,
27,
103,
114,
190,
0,
9,
15,
198,
176,
0,
106,
0,
15,
65,
0,
65,
208,
13,
31,
35,
76,
29,
29,
19,
0,
21,
53,
0,
21,
49,
0,
58,
74,
0,
54,
24,
58,
24,
34,
0,
0,
9,
50,
0,
34,
43,
0,
0,
153,
0,
30,
19,
29,
31,
5,
9,
8,
1,
61,
0,
34,
66,
0,
0,
184,
0,
57,
7,
27,
48,
2,
0,
30,
0,
55,
0,
20,
76,
0,
12,
176,
0,
36,
31,
69,
15,
14,
9,
25,
0,
66,
1,
12,
72,
0,
3,
170,
0,
22,
3,
73,
31,
0,
0,
13,
0,
90,
42,
12,
43,
0,
19,
16,
8,
22,
59,
55,
29,
7,
21,
27,
0,
44,
28,
29,
22,
0,
25,
80,
0,
60,
16,
43,
35,
8,
0,
32,
0,
119,
21,
34,
33,
21,
13,
67,
49,
42,
44,
72,
8,
16,
26,
40,
0,
128,
1,
0,
22,
52,
33,
38,
37,
76,
0,
40,
0,
114,
0,
10,
48,
163,
8,
68,
19,
9,
77,
21,
34,
41,
89,
43,
46,
102,
24,
0,
43,
11,
13,
40,
8,
0,
27,
0,
0,
63,
11,
0,
21,
98,
1,
0,
61,
0,
15,
75,
0,
0,
59,
7,
0,
68,
73,
0,
23,
52,
14,
0,
44,
0,
6,
40,
0,
4,
15,
0,
0,
15,
6,
3,
41,
0,
6,
0,
47,
0,
9,
57,
0,
13,
14,
0,
0,
11,
11,
0,
36,
0,
3,
0,
0,
127,
38,
94,
0,
21,
0,
22,
99,
100,
185,
0,
26,
4,
198,
175,
28,
94,
18,
35,
36,
0,
120,
95,
0,
23,
21,
83,
44,
38,
0,
0,
32,
14,
0,
36,
14,
0,
34,
38,
0,
64,
24,
3,
48,
38,
3,
6,
21,
61,
0,
29,
24,
0,
12,
54,
0,
46,
30,
0,
26,
33,
26,
16,
27,
51,
0,
63,
46,
0,
13,
122,
0,
77,
0,
0,
47,
54,
0,
24,
12,
29,
0,
98,
59,
0,
0,
164,
0,
77,
34,
40,
33,
45,
14,
59,
0,
60,
0,
41,
67,
16,
0,
157,
0,
8,
42,
62,
38,
0,
8,
22,
0,
92,
15,
0,
34,
17,
27,
40,
29,
6,
41,
49,
18,
0,
8,
28,
0,
84,
3,
19,
22,
13,
32,
85,
0,
29,
0,
64,
21,
24,
0,
19,
24,
131,
27,
0,
8,
3,
76,
10,
29,
71,
68,
11,
29,
83,
38,
25,
44,
5,
12,
64,
5,
0,
74,
7,
0,
34,
12,
8,
27,
77,
0,
0,
49,
2,
14,
66,
0,
0,
47,
1,
0,
54,
49,
8,
21,
25,
2,
0,
37,
0,
3,
33,
0,
3,
17,
0,
0,
12,
3,
2,
28,
0,
3,
0,
38,
2,
1,
37,
0,
6,
10,
0,
0,
11,
4,
0,
30,
0,
4,
0,
39,
2,
0,
36,
0,
18,
10,
0,
0,
16,
9,
7,
29,
0,
5,
0,
38,
2,
6,
38,
0,
14,
8,
0,
0,
15,
7,
10,
37,
0,
4,
1,
0,
120,
30,
76,
0,
19,
0,
16,
98,
101,
168,
0,
15,
10,
179,
161,
26,
59,
32,
12,
13,
24,
129,
26,
26,
25,
39,
81,
55,
13,
13,
0,
32,
27,
5,
51,
11,
26,
30,
9,
0,
13,
13,
25,
31,
7,
0,
2,
32,
23,
35,
113,
9,
27,
4,
3,
0,
11,
16,
20,
43,
5,
8,
44,
31,
67,
34,
108,
0,
69,
0,
0,
0,
0,
40,
56,
26,
0,
29,
59,
0,
154,
28,
30,
11,
56,
0,
28,
48,
21,
5,
35,
29,
21,
38,
63,
0,
113,
10,
0,
11,
54,
26,
17,
43,
86,
14,
39,
0,
104,
4,
17,
21,
113,
19,
0,
10,
36,
60,
36,
58,
94,
79,
38,
0,
109,
23,
7,
33,
56,
2,
38,
7,
0,
61,
29,
1,
69,
15,
0,
20,
91,
3,
0,
40,
17,
3,
44,
5,
0,
56,
8,
0,
45,
39,
5,
5,
77,
1,
0,
39,
5,
0,
38,
0,
0,
38,
0,
0,
20,
4,
8,
22,
13,
3,
0,
37,
3,
0,
28,
0,
1,
14,
0,
0,
22,
9,
0,
22,
3,
6,
0,
37,
2,
0,
32,
0,
6,
13,
0,
0,
18,
4,
0,
25,
0,
5,
0,
38,
3,
0,
28,
0,
6,
11,
0,
0,
15,
4,
0,
29,
0,
6,
0,
39,
1,
0,
32,
0,
3,
10,
0,
0,
14,
1,
0,
29,
0,
5,
0,
38,
0,
0,
33,
0,
2,
4,
0,
0,
18,
6,
0,
29,
0,
7,
0,
0,
117,
26,
86,
0,
14,
0,
15,
95,
103,
172,
0,
11,
9,
181,
162,
39,
145,
25,
44,
21,
25,
157,
57,
90,
0,
211,
142,
45,
31,
97,
0,
35,
26,
16,
65,
0,
30,
0,
0,
0,
76,
9,
18,
9,
17,
0,
33,
14,
118,
27,
66,
6,
53,
0,
6,
12,
83,
10,
39,
32,
71,
32,
46,
12,
123,
13,
0,
10,
65,
0,
8,
42,
103,
9,
24,
15,
101,
15,
42,
31,
105,
8,
0,
14,
17,
59,
25,
41,
90,
81,
10,
9,
103,
37,
17,
43,
16,
2,
54,
10,
0,
63,
3,
0,
53,
8,
0,
13,
82,
0,
0,
39,
10,
5,
37,
4,
0,
45,
11,
0,
54,
56,
0,
14,
60,
17,
0,
45,
1,
1,
46,
0,
0,
42,
0,
0,
30,
4,
0,
23,
20,
5,
0,
38,
5,
0,
27,
0,
0,
15,
0,
0,
27,
14,
0,
24,
11,
9,
0,
40,
0,
0,
32,
0,
0,
16,
0,
0,
21,
5,
0,
27,
6,
5,
0,
39,
0,
0,
31,
0,
0,
9,
0,
0,
20,
6,
0,
27,
2,
6,
0,
39,
0,
0,
31,
0,
1,
7,
0,
0,
18,
4,
0,
27,
0,
7,
0,
41,
0,
0,
35,
0,
1,
11,
0,
0,
17,
6,
0,
29,
0,
6,
0,
41,
0,
0,
37,
0,
5,
9,
0,
0,
15,
4,
0,
30,
0,
8,
0,
39,
0,
0,
33,
0,
5,
4,
0,
0,
17,
3,
0,
32,
0,
7,
0,
0,
117,
29,
84,
0,
15,
0,
19,
97,
104,
174,
0,
11,
9,
183,
164,
40,
111,
45,
98,
22,
14,
169,
59,
101,
0,
219,
144,
122,
37,
100,
0,
34,
92,
26,
21,
0,
0,
55,
0,
0,
60,
0,
0,
58,
33,
8,
16,
39,
38,
0,
42,
6,
0,
12,
12,
0,
82,
62,
0,
44,
72,
33,
27,
44,
18,
0,
33,
3,
0,
26,
0,
0,
61,
11,
0,
33,
56,
7,
0,
44,
3,
0,
43,
2,
0,
34,
6,
0,
59,
50,
0,
26,
56,
14,
0,
46,
3,
0,
47,
0,
0,
30,
0,
0,
27,
1,
0,
28,
18,
6,
0,
41,
2,
0,
37,
0,
0,
17,
0,
0,
27,
16,
0,
25,
13,
7,
0,
41,
2,
0,
38,
0,
3,
13,
0,
0,
21,
1,
0,
29,
0,
6,
0,
41,
0,
0,
34,
0,
2,
11,
0,
0,
17,
9,
0,
28,
1,
7,
0,
41,
0,
0,
35,
0,
4,
11,
0,
0,
16,
2,
0,
32,
0,
6,
0,
41,
0,
0,
34,
0,
3,
7,
0,
0,
15,
3,
0,
30,
0,
6,
0,
42,
0,
0,
31,
0,
1,
8,
0,
0,
18,
2,
0,
33,
0,
7,
0,
42,
0,
0,
35,
0,
3,
7,
0,
0,
18,
4,
0,
29,
0,
8,
0,
42,
0,
0,
36,
0,
3,
5,
0,
0,
17,
3,
0,
33,
0,
8,
0,
41,
0,
0,
34,
0,
3,
3,
0,
0,
17,
3,
0,
31,
0,
7,
0,
0,
117,
29,
87,
0,
16,
0,
19,
98,
104,
176,
0,
12,
9,
185,
166,
20,
160,
48,
67,
26,
75,
181,
70,
103,
79,
238,
205,
52,
41,
116,
10,
52,
12,
13,
44,
2,
48,
190,
0,
0,
18,
0,
70,
84,
1,
4,
0,
42,
0,
0,
34,
0,
0,
4,
0,
0,
19,
2,
0,
31,
5,
8,
1,
42,
0,
0,
41,
0,
0,
10,
0,
0,
22,
13,
0,
33,
5,
13,
0,
41,
1,
0,
34,
0,
0,
5,
0,
0,
23,
3,
0,
32,
0,
9,
0,
44,
2,
0,
37,
0,
1,
10,
0,
0,
18,
9,
0,
32,
0,
8,
0,
42,
0,
0,
35,
0,
2,
6,
0,
0,
24,
3,
0,
38,
0,
7,
0,
44,
2,
0,
39,
0,
0,
9,
0,
0,
18,
6,
0,
35,
3,
10,
0,
43,
0,
0,
37,
0,
0,
6,
0,
0,
21,
4,
0,
35,
2,
8,
0,
43,
0,
0,
37,
0,
1,
8,
0,
0,
18,
6,
0,
32,
0,
10,
0,
43,
0,
0,
39,
0,
2,
6,
0,
0,
17,
3,
0,
34,
0,
7,
0,
43,
0,
46,
206,
0,
5,
7,
0,
0,
9,
78,
116,
94,
0,
61,
56,
42,
0,
79,
126,
0,
14,
4,
0,
0,
12,
3,
86,
129,
0,
8,
0,
39,
155,
100,
205,
0,
176,
0,
0,
31,
61,
117,
114,
97,
0,
62,
71,
20,
91,
79,
125,
0,
223,
1,
0,
83,
0,
0,
183,
129,
0,
0,
13,
0,
199,
92,
68,
7,
139,
0,
0,
91,
96,
104,
134,
132,
0,
126,
111,
16,
113,
42,
35,
26,
11,
183,
71,
102,
16,
250,
158,
0,
39,
117,
10,
53,
0,
78,
223,
0,
12,
191,
0,
0,
7,
3,
196,
125,
0,
4,
0,
41,
0,
77,
125,
0,
13,
5,
0,
0,
10,
1,
85,
128,
0,
8,
0,
42,
0,
79,
125,
0,
11,
5,
0,
0,
16,
5,
82,
128,
0,
7,
1,
42,
1,
79,
129,
0,
10,
8,
0,
0,
10,
3,
85,
126,
0,
8,
0,
43,
0,
79,
130,
0,
10,
7,
0,
0,
17,
5,
85,
133,
0,
8,
0,
42,
0,
80,
129,
0,
8,
7,
0,
0,
17,
3,
80,
133,
0,
7,
0,
42,
0,
77,
135,
0,
9,
9,
0,
0,
15,
4,
82,
134,
0,
7,
0,
42,
0,
77,
131,
0,
7,
5,
0,
0,
15,
2,
81,
133,
0,
7,
0,
40,
157,
99,
218,
0,
179,
0,
0,
28,
61,
119,
116,
104,
0,
62,
71,
22,
92,
77,
133,
0,
230,
0,
0,
85,
0,
1,
188,
129,
0,
0,
14,
0,
181,
97,
163,
8,
176,
0,
0,
91,
60,
116,
135,
76,
0,
57,
71,
0,
89,
42,
0,
2,
224,
2,
3,
84,
16,
1,
184,
0,
0,
0,
12,
0,
180,
42,
0,
8,
140,
0,
3,
92,
16,
0,
135,
76,
0,
42,
56,
0,
77,
42,
0,
2,
0,
0,
3,
30,
16,
0,
37,
0,
0,
0,
10,
0,
77,
42,
0,
2,
0,
0,
3,
30,
16,
0,
37,
0,
0,
0,
10,
0,
77,
49,
75,
2,
81,
58,
24,
93,
85,
117,
85,
0,
0,
0,
10,
0,
89,
42,
34,
2,
223,
56,
3,
83,
16,
10,
184,
0,
0,
0,
12,
0,
89,
42,
0,
2,
224,
1,
3,
84,
16,
1,
183,
0,
0,
0,
12,
0,
91,
42,
0,
2,
223,
1,
3,
85,
16,
3,
183,
0,
0,
0,
13,
0,
90,
42,
0,
2,
224,
2,
3,
83,
16,
2,
184,
0,
0,
0,
12,
0,
88,
42,
0,
2,
227,
2,
3,
86,
16,
4,
187,
0,
0,
0,
12,
0,
89,
42,
0,
2,
230,
2,
3,
85,
16,
2,
187,
0,
0,
0,
12,
0,
90,
42,
0,
2,
232,
2,
3,
86,
16,
2,
190,
0,
0,
0,
12,
0,
91,
42,
0,
2,
232,
1,
3,
86,
16,
1,
188,
0,
0,
0,
13,
0,
183,
42,
0,
8,
145,
0,
3,
94,
16,
0,
139,
79,
0,
45,
57,
0,
77,
42,
0,
2,
0,
0,
3,
30,
16,
0,
37,
0,
0,
0,
10,
0,
77,
42,
0,
2,
0,
0,
3,
30,
16,
0,
37,
0,
0,
0,
10,
0,
77,
42,
0,
2,
0,
0,
3,
30,
16,
0,
37,
0,
0,
0,
10,
0,
77,
42,
0,
2,
0,
0,
3,
30,
16,
0,
37,
0,
0,
0,
10,
0,
77,
42,
0,
2,
0,
0,
3,
30,
16,
0,
37,
0,
0,
0,
10,
0,
77,
42,
0,
2,
0,
0,
3,
30,
16,
0,
37,
0,
0,
0,
10,
