# block3.conv1.sn_branches.0.0 (shape [8, 8, 64]),
40,
0,
24,
32,
0,
3,
29,
48,
0,
14,
0,
0,
20,
28,
0,
4,
0,
13,
0,
26,
19,
37,
0,
4,
0,
2,
11,
22,
0,
33,
14,
0,
50,
0,
0,
0,
0,
0,
0,
16,
45,
0,
0,
0,
0,
0,
26,
0,
0,
0,
48,
0,
2,
0,
0,
2,
21,
0,
0,
0,
0,
37,
0,
0,
35,
0,
0,
29,
6,
14,
27,
1,
16,
15,
0,
10,
0,
11,
47,
33,
0,
21,
0,
3,
15,
72,
0,
12,
0,
1,
10,
40,
0,
17,
10,
0,
45,
0,
0,
0,
0,
0,
7,
0,
33,
0,
0,
0,
0,
0,
0,
0,
31,
22,
48,
0,
20,
5,
0,
56,
0,
0,
8,
0,
0,
51,
13,
0,
49,
0,
0,
68,
41,
0,
19,
0,
58,
0,
0,
14,
0,
21,
63,
25,
0,
0,
15,
0,
1,
43,
0,
14,
37,
16,
3,
36,
0,
6,
8,
0,
41,
0,
0,
0,
0,
0,
0,
0,
52,
15,
0,
0,
9,
18,
0,
0,
3,
14,
24,
15,
42,
25,
17,
48,
0,
0,
22,
0,
12,
30,
6,
0,
47,
0,
0,
60,
47,
0,
0,
0,
54,
0,
0,
0,
1,
0,
34,
39,
0,
4,
7,
10,
0,
0,
0,
43,
30,
7,
0,
7,
0,
18,
0,
0,
32,
0,
0,
0,
0,
16,
0,
0,
43,
17,
0,
0,
20,
25,
0,
0,
0,
7,
23,
17,
55,
30,
20,
24,
0,
14,
22,
0,
2,
34,
0,
0,
53,
8,
0,
53,
35,
0,
4,
42,
12,
0,
0,
0,
22,
19,
10,
30,
0,
9,
0,
37,
16,
23,
0,
56,
28,
0,
0,
1,
1,
29,
1,
0,
11,
0,
0,
0,
0,
0,
0,
0,
27,
24,
0,
0,
0,
0,
0,
13,
3,
25,
5,
0,
43,
15,
17,
42,
0,
12,
30,
0,
16,
26,
0,
0,
36,
0,
0,
59,
37,
0,
0,
44,
0,
0,
24,
3,
14,
9,
0,
40,
0,
24,
0,
25,
26,
0,
0,
83,
6,
0,
0,
0,
12,
35,
0,
0,
0,
0,
0,
0,
0,
0,
0,
0,
11,
0,
0,
0,
20,
0,
0,
38,
21,
62,
0,
3,
35,
26,
15,
55,
0,
0,
35,
0,
0,
32,
0,
0,
18,
0,
0,
29,
0,
0,
0,
118,
0,
0,
27,
46,
7,
11,
13,
0,
3,
0,
0,
16,
82,
65,
0,
91,
0,
0,
0,
2,
66,
27,
0,
7,
0,
0,
0,
30,
0,
0,
0,
1,
0,
0,
0,
0,
5,
0,
6,
47,
0,
39,
0,
0,
42,
0,
12,
72,
0,
32,
25,
0,
5,
0,
0,
0,
0,
0,
0,
26,
0,
0,
0,
15,
0,
0,
17,
13,
8,
0,
0,
0,
0,
0,
0,
0,
8,
0,
5,
54,
0,
0,
0,
0,
33,
0,
0,
18,
0,
33,
0,
0,
0,
40,
10,
49,
0,
0,
40,
6,
0,
20,
0,
4,
6,
32,
0,
0,
0,
0,
2,
9,
39,
21,
16,
17,
16,
0,
0,
0,
28,
9,
51,
46,
14,
0,
13,
5,
0,
0,
13,
0,
9,
12,
0,
0,
0,
16,
0,
45,
25,
11,
0,
21,
18,
0,
26,
1,
0,
35,
0,
0,
15,
0,
0,
5,
0,
0,
0,
0,
14,
7,
0,
0,
52,
0,
6,
12,
0,
8,
0,
0,
46,
5,
0,
18,
0,
0,
16,
0,
0,
31,
5,
0,
0,
15,
0,
53,
0,
0,
0,
0,
1,
0,
15,
6,
0,
0,
18,
0,
11,
11,
0,
0,
90,
2,
0,
24,
0,
10,
0,
18,
39,
32,
0,
4,
0,
0,
7,
71,
13,
0,
11,
0,
0,
0,
22,
3,
70,
0,
0,
80,
45,
62,
0,
0,
81,
14,
0,
101,
0,
0,
45,
32,
0,
45,
9,
0,
0,
14,
0,
60,
23,
0,
19,
1,
29,
0,
20,
0,
0,
7,
22,
0,
3,
0,
0,
0,
92,
2,
0,
65,
41,
8,
0,
17,
19,
25,
0,
8,
1,
0,
0,
88,
0,
37,
0,
0,
23,
0,
13,
14,
0,
0,
0,
57,
45,
29,
0,
6,
61,
43,
75,
90,
30,
49,
86,
39,
7,
53,
10,
4,
0,
30,
42,
42,
38,
0,
0,
0,
8,
0,
47,
0,
0,
2,
0,
13,
0,
0,
0,
15,
25,
0,
0,
104,
60,
0,
0,
10,
44,
47,
0,
0,
4,
0,
0,
18,
0,
84,
0,
0,
26,
5,
8,
0,
1,
0,
5,
25,
0,
25,
0,
78,
63,
37,
114,
54,
47,
29,
64,
34,
28,
50,
1,
7,
18,
41,
3,
24,
28,
0,
0,
34,
0,
0,
35,
0,
1,
5,
17,
16,
31,
4,
3,
74,
48,
6,
0,
104,
19,
0,
0,
11,
38,
35,
0,
0,
2,
0,
17,
22,
0,
74,
0,
0,
6,
22,
0,
0,
0,
0,
20,
47,
28,
46,
0,
18,
6,
0,
101,
48,
50,
0,
44,
32,
21,
38,
6,
0,
23,
9,
0,
23,
45,
13,
10,
0,
0,
0,
22,
11,
35,
47,
5,
11,
26,
9,
0,
50,
40,
0,
0,
96,
0,
15,
0,
65,
20,
31,
0,
0,
0,
0,
0,
16,
0,
0,
0,
0,
5,
0,
0,
0,
2,
0,
0,
56,
83,
53,
0,
25,
0,
17,
70,
64,
50,
9,
13,
11,
24,
41,
38,
1,
36,
0,
0,
3,
50,
0,
15,
0,
0,
0,
61,
4,
45,
13,
0,
0,
0,
0,
0,
77,
56,
60,
13,
62,
0,
0,
5,
53,
61,
0,
0,
2,
0,
0,
0,
43,
14,
0,
0,
23,
0,
0,
0,
0,
59,
0,
0,
44,
52,
31,
0,
30,
31,
0,
84,
18,
0,
15,
29,
4,
24,
0,
32,
0,
8,
0,
0,
13,
25,
0,
0,
18,
0,
0,
44,
4,
0,
0,
0,
0,
0,
0,
0,
0,
0,
0,
64,
21,
0,
0,
0,
0,
19,
0,
0,
26,
21,
54,
29,
0,
0,
85,
0,
27,
0,
0,
27,
0,
0,
0,
11,
0,
0,
33,
0,
0,
0,
0,
27,
0,
50,
0,
0,
32,
0,
0,
0,
0,
9,
52,
45,
54,
11,
20,
6,
48,
0,
0,
9,
0,
0,
26,
28,
0,
0,
8,
0,
32,
0,
0,
0,
65,
0,
17,
0,
2,
13,
43,
0,
0,
24,
0,
2,
0,
0,
0,
0,
0,
1,
43,
0,
0,
68,
0,
43,
5,
0,
31,
42,
19,
34,
0,
46,
19,
0,
0,
0,
0,
0,
76,
2,
0,
0,
78,
0,
36,
12,
9,
0,
0,
0,
0,
65,
23,
0,
44,
28,
0,
11,
0,
0,
15,
0,
33,
0,
95,
0,
38,
0,
41,
44,
13,
0,
21,
0,
0,
12,
0,
0,
0,
0,
0,
14,
29,
0,
23,
99,
0,
0,
41,
30,
53,
0,
0,
2,
0,
57,
114,
11,
0,
0,
43,
0,
88,
43,
7,
0,
24,
0,
17,
18,
0,
0,
0,
0,
0,
78,
46,
0,
2,
0,
0,
17,
0,
0,
0,
7,
23,
18,
140,
40,
35,
0,
36,
77,
13,
0,
50,
0,
0,
0,
0,
0,
0,
0,
0,
44,
46,
0,
0,
52,
0,
0,
79,
27,
2,
0,
0,
23,
0,
89,
96,
51,
19,
39,
47,
13,
85,
87,
0,
0,
0,
21,
0,
0,
0,
0,
0,
0,
38,
49,
0,
0,
0,
0,
68,
0,
0,
0,
40,
40,
0,
6,
124,
0,
0,
0,
43,
109,
20,
0,
0,
0,
0,
2,
28,
0,
0,
0,
0,
17,
52,
0,
0,
6,
0,
3,
63,
33,
13,
50,
44,
12,
0,
132,
30,
107,
45,
20,
3,
35,
75,
169,
0,
3,
0,
0,
0,
41,
49,
0,
0,
0,
42,
39,
0,
0,
0,
26,
32,
0,
0,
7,
32,
0,
0,
17,
53,
0,
30,
0,
51,
54,
0,
0,
1,
0,
27,
47,
8,
0,
20,
0,
0,
0,
65,
0,
0,
0,
0,
8,
49,
5,
8,
10,
40,
0,
0,
118,
0,
22,
43,
14,
0,
10,
3,
155,
0,
24,
0,
0,
9,
18,
62,
14,
0,
0,
0,
56,
6,
5,
12,
79,
19,
53,
10,
0,
45,
20,
0,
16,
55,
8,
5,
0,
73,
39,
0,
0,
0,
2,
53,
38,
52,
0,
0,
24,
13,
4,
37,
0,
0,
23,
0,
0,
26,
55,
0,
0,
0,
0,
19,
113,
43,
15,
69,
0,
0,
35,
19,
98,
1,
38,
0,
12,
4,
31,
35,
10,
0,
0,
0,
44,
0,
13,
0,
0,
91,
6,
46,
17,
94,
0,
0,
0,
33,
0,
0,
14,
51,
43,
0,
0,
0,
0,
14,
24,
54,
0,
0,
0,
30,
0,
0,
25,
0,
35,
0,
0,
0,
72,
14,
0,
22,
52,
59,
110,
0,
0,
72,
18,
0,
38,
0,
81,
0,
10,
6,
42,
5,
21,
0,
0,
64,
6,
30,
26,
0,
0,
0,
0,
0,
0,
0,
0,
12,
0,
0,
13,
27,
0,
0,
0,
0,
27,
0,
20,
0,
0,
11,
47,
0,
0,
60,
0,
21,
0,
0,
21,
0,
0,
0,
39,
0,
0,
18,
0,
0,
0,
19,
23,
0,
1,
18,
0,
0,
0,
0,
0,
0,
16,
0,
17,
37,
3,
18,
0,
0,
0,
0,
17,
0,
0,
0,
8,
0,
0,
0,
0,
1,
0,
0,
0,
11,
0,
1,
0,
26,
19,
0,
0,
0,
19,
16,
36,
1,
0,
0,
0,
0,
8,
28,
0,
0,
20,
0,
0,
0,
0,
4,
55,
29,
0,
11,
43,
0,
10,
18,
0,
0,
0,
51,
87,
0,
13,
0,
0,
1,
0,
38,
0,
0,
1,
0,
0,
0,
0,
41,
14,
16,
0,
17,
0,
0,
0,
3,
2,
0,
0,
19,
0,
74,
45,
0,
0,
0,
0,
0,
21,
29,
0,
0,
0,
0,
7,
18,
0,
0,
56,
0,
0,
39,
107,
17,
71,
0,
0,
10,
63,
79,
26,
14,
0,
0,
8,
69,
172,
0,
24,
0,
0,
0,
0,
13,
0,
0,
0,
7,
32,
36,
0,
10,
29,
57,
0,
0,
0,
0,
0,
23,
21,
17,
0,
33,
1,
57,
117,
9,
0,
0,
0,
16,
0,
24,
0,
0,
0,
0,
43,
20,
0,
6,
92,
0,
0,
68,
36,
0,
55,
37,
0,
0,
127,
27,
0,
48,
5,
0,
37,
4,
218,
0,
13,
0,
0,
0,
0,
27,
0,
0,
0,
0,
64,
0,
0,
0,
54,
59,
5,
61,
0,
36,
16,
0,
0,
59,
0,
18,
0,
48,
100,
44,
0,
0,
0,
161,
0,
57,
0,
0,
0,
24,
33,
34,
0,
0,
18,
5,
0,
23,
16,
0,
7,
6,
0,
12,
139,
9,
21,
96,
0,
0,
2,
0,
192,
0,
0,
0,
0,
0,
0,
29,
50,
0,
21,
0,
60,
7,
0,
0,
16,
34,
0,
25,
0,
21,
0,
0,
0,
1,
0,
0,
0,
47,
0,
15,
11,
0,
0,
78,
41,
41,
0,
0,
13,
2,
42,
0,
25,
0,
0,
0,
6,
0,
0,
0,
0,
0,
0,
103,
105,
30,
0,
134,
18,
0,
0,
33,
133,
0,
3,
0,
0,
0,
0,
31,
12,
24,
0,
0,
87,
32,
0,
0,
0,
62,
6,
67,
0,
46,
0,
0,
0,
34,
54,
0,
25,
21,
9,
18,
87,
0,
0,
27,
52,
0,
0,
7,
3,
0,
72,
0,
67,
0,
5,
0,
0,
0,
0,
0,
0,
0,
26,
86,
49,
67,
0,
57,
24,
0,
0,
40,
54,
5,
12,
0,
80,
0,
0,
8,
0,
62,
0,
93,
36,
8,
21,
0,
0,
147,
23,
107,
0,
119,
0,
18,
0,
73,
7,
0,
57,
0,
27,
68,
168,
0,
0,
0,
20,
0,
0,
0,
0,
18,
35,
0,
35,
0,
0,
0,
16,
0,
4,
0,
0,
0,
42,
36,
0,
0,
33,
30,
2,
0,
56,
9,
0,
0,
0,
30,
56,
0,
0,
0,
0,
52,
0,
130,
1,
0,
15,
0,
0,
0,
0,
0,
0,
0,
0,
60,
10,
31,
0,
0,
0,
0,
39,
17,
85,
0,
0,
8,
3,
0,
0,
0,
0,
18,
0,
6,
8,
0,
0,
0,
0,
0,
0,
28,
36,
0,
0,
0,
0,
0,
24,
0,
0,
12,
0,
0,
0,
0,
24,
0,
21,
13,
0,
18,
0,
6,
0,
0,
46,
0,
0,
0,
27,
12,
0,
27,
0,
3,
2,
0,
0,
26,
33,
26,
0,
0,
0,
40,
0,
0,
0,
36,
11,
0,
0,
0,
0,
0,
35,
1,
0,
0,
0,
5,
7,
0,
6,
0,
0,
0,
0,
55,
36,
0,
22,
36,
19,
0,
0,
34,
60,
0,
30,
0,
0,
0,
0,
34,
0,
0,
0,
0,
47,
0,
0,
0,
60,
16,
78,
50,
0,
0,
33,
0,
0,
0,
71,
21,
0,
59,
40,
48,
0,
0,
0,
49,
13,
82,
26,
0,
37,
0,
64,
0,
12,
0,
0,
0,
0,
0,
21,
0,
0,
0,
10,
41,
67,
72,
0,
61,
0,
0,
0,
46,
108,
0,
1,
0,
0,
0,
0,
23,
28,
0,
8,
0,
57,
0,
0,
0,
39,
29,
45,
6,
0,
0,
25,
0,
0,
8,
0,
0,
0,
83,
57,
38,
0,
2,
0,
43,
9,
82,
1,
0,
0,
0,
76,
0,
15,
19,
2,
4,
0,
0,
0,
0,
0,
0,
35,
116,
98,
45,
0,
130,
19,
0,
52,
51,
139,
0,
0,
0,
0,
0,
0,
23,
0,
0,
0,
0,
119,
4,
0,
0,
0,
26,
0,
22,
0,
20,
0,
0,
0,
43,
62,
0,
23,
46,
27,
43,
86,
0,
0,
87,
1,
9,
0,
11,
0,
0,
105,
0,
62,
0,
11,
0,
0,
0,
0,
0,
0,
0,
0,
92,
65,
42,
12,
93,
1,
0,
0,
3,
90,
3,
0,
0,
77,
0,
0,
16,
14,
30,
0,
25,
37,
6,
0,
0,
0,
71,
0,
55,
0,
50,
0,
0,
0,
62,
2,
0,
15,
0,
0,
77,
163,
0,
0,
0,
40,
0,
0,
0,
28,
0,
81,
0,
66,
0,
0,
0,
45,
0,
0,
0,
27,
0,
18,
53,
0,
46,
28,
33,
21,
0,
0,
51,
20,
0,
0,
14,
103,
0,
0,
0,
16,
62,
0,
146,
0,
15,
0,
28,
0,
102,
0,
73,
0,
42,
0,
72,
0,
0,
2,
0,
68,
0,
26,
120,
171,
0,
0,
0,
9,
0,
0,
0,
0,
0,
61,
0,
31,
0,
0,
0,
85,
0,
0,
0,
116,
0,
41,
0,
0,
32,
23,
0,
3,
31,
0,
71,
0,
12,
14,
0,
61,
0,
0,
0,
31,
80,
0,
142,
0,
0,
34,
42,
0,
84,
0,
92,
0,
84,
0,
151,
0,
4,
0,
0,
4,
0,
27,
99,
144,
0,
0,
0,
0,
0,
41,
0,
0,
53,
37,
39,
23,
0,
0,
4,
0,
40,
0,
34,
46,
0,
66,
0,
0,
0,
0,
0,
0,
53,
69,
0,
0,
0,
0,
48,
13,
29,
0,
1,
0,
35,
14,
62,
0,
17,
23,
0,
0,
0,
0,
0,
0,
0,
0,
69,
0,
0,
0,
0,
0,
0,
34,
0,
37,
0,
0,
0,
0,
0,
0,
0,
0,
42,
0,
14,
20,
0,
0,
0,
0,
0,
0,
56,
37,
0,
0,
0,
0,
0,
0,
0,
0,
15,
15,
0,
0,
0,
13,
6,
29,
30,
15,
2,
9,
31,
0,
0,
22,
0,
0,
6,
0,
0,
0,
13,
0,
12,
0,
0,
0,
20,
0,
0,
0,
0,
0,
38,
30,
0,
0,
0,
15,
0,
0,
0,
0,
0,
40,
0,
0,
0,
34,
0,
49,
0,
0,
0,
11,
0,
0,
17,
4,
2,
0,
12,
0,
0,
0,
29,
0,
0,
6,
11,
0,
0,
0,
0,
0,
55,
0,
0,
82,
47,
0,
21,
0,
0,
0,
52,
0,
0,
0,
23,
0,
81,
52,
0,
0,
0,
7,
56,
91,
0,
0,
7,
21,
0,
7,
0,
11,
0,
87,
7,
25,
51,
14,
0,
0,
0,
0,
0,
0,
0,
0,
9,
0,
129,
0,
6,
17,
0,
0,
41,
1,
0,
0,
0,
0,
0,
0,
0,
0,
32,
0,
25,
75,
39,
0,
0,
0,
59,
0,
24,
0,
0,
0,
0,
0,
102,
38,
0,
21,
0,
30,
110,
138,
1,
0,
9,
0,
0,
0,
0,
0,
0,
76,
0,
53,
17,
0,
20,
0,
0,
0,
0,
16,
0,
0,
39,
0,
97,
51,
12,
33,
3,
3,
73,
10,
12,
1,
0,
95,
0,
0,
10,
0,
37,
0,
141,
28,
10,
0,
0,
0,
102,
0,
42,
0,
23,
0,
19,
0,
40,
30,
0,
66,
0,
0,
129,
187,
0,
0,
0,
0,
0,
0,
0,
0,
0,
68,
4,
68,
0,
0,
27,
75,
0,
0,
0,
95,
0,
40,
15,
0,
39,
80,
0,
0,
0,
0,
59,
0,
27,
22,
31,
101,
0,
0,
36,
7,
37,
0,
141,
4,
0,
22,
23,
0,
84,
0,
58,
0,
55,
0,
86,
0,
6,
0,
0,
29,
0,
17,
104,
128,
0,
0,
0,
3,
0,
19,
0,
0,
8,
44,
25,
26,
0,
0,
26,
80,
0,
0,
0,
100,
0,
27,
0,
0,
0,
6,
0,
0,
1,
0,
37,
0,
10,
3,
34,
56,
0,
0,
48,
25,
38,
16,
77,
0,
0,
10,
63,
0,
0,
0,
46,
0,
39,
8,
73,
0,
0,
0,
0,
0,
0,
2,
79,
55,
0,
34,
0,
30,
0,
60,
0,
0,
51,
21,
25,
7,
0,
0,
7,
24,
0,
0,
21,
33,
0,
56,
0,
0,
15,
0,
0,
0,
7,
0,
13,
0,
0,
0,
17,
0,
3,
0,
39,
33,
49,
77,
36,
0,
0,
11,
23,
64,
0,
0,
27,
0,
17,
21,
73,
0,
0,
4,
0,
0,
20,
0,
25,
38,
0,
50,
0,
72,
0,
54,
0,
0,
111,
7,
37,
0,
0,
0,
11,
0,
19,
4,
56,
12,
0,
74,
0,
0,
0,
0,
0,
0,
10,
96,
0,
0,
0,
0,
61,
0,
49,
2,
31,
0,
8,
63,
16,
0,
2,
9,
0,
35,
0,
0,
0,
0,
0,
0,
17,
19,
0,
0,
0,
0,
0,
39,
0,
0,
0,
21,
0,
55,
0,
0,
0,
0,
44,
0,
0,
2,
0,
47,
0,
0,
0,
21,
69,
30,
0,
0,
23,
0,
0,
0,
0,
0,
0,
48,
0,
0,
1,
0,
5,
59,
46,
15,
14,
0,
49,
24,
0,
0,
0,
0,
0,
0,
0,
0,
53,
0,
69,
0,
0,
0,
15,
0,
1,
0,
0,
0,
0,
0,
0,
0,
0,
46,
0,
0,
0,
0,
0,
0,
0,
0,
0,
31,
0,
49,
0,
0,
26,
30,
0,
0,
23,
0,
0,
0,
0,
10,
0,
0,
9,
0,
0,
8,
53,
0,
31,
0,
8,
0,
69,
76,
30,
0,
0,
0,
39,
0,
16,
0,
117,
0,
0,
0,
65,
0,
19,
14,
23,
6,
0,
0,
36,
75,
0,
0,
0,
69,
5,
6,
0,
0,
0,
32,
41,
0,
10,
23,
0,
60,
0,
0,
34,
54,
0,
0,
0,
0,
50,
72,
0,
4,
14,
0,
24,
0,
0,
31,
60,
0,
43,
0,
22,
0,
25,
84,
95,
0,
0,
0,
30,
0,
44,
0,
96,
0,
0,
0,
89,
0,
0,
2,
0,
15,
0,
0,
78,
117,
0,
0,
0,
43,
0,
30,
22,
0,
0,
59,
73,
0,
14,
0,
43,
24,
0,
0,
8,
71,
0,
38,
0,
0,
22,
74,
0,
0,
17,
0,
70,
0,
0,
34,
41,
18,
27,
0,
45,
0,
35,
127,
100,
0,
0,
0,
33,
0,
16,
0,
90,
0,
36,
0,
65,
0,
0,
8,
0,
0,
0,
0,
78,
71,
0,
19,
0,
26,
0,
65,
0,
0,
0,
61,
79,
0,
0,
0,
16,
15,
0,
0,
15,
32,
0,
52,
12,
0,
0,
29,
0,
0,
0,
0,
32,
0,
0,
7,
27,
0,
36,
0,
56,
0,
33,
181,
26,
0,
0,
0,
13,
39,
0,
0,
67,
0,
12,
0,
29,
0,
0,
0,
0,
0,
0,
0,
39,
12,
0,
26,
0,
75,
25,
73,
9,
0,
8,
35,
47,
0,
0,
15,
0,
0,
0,
0,
45,
16,
0,
47,
45,
0,
0,
0,
0,
0,
0,
0,
0,
0,
0,
0,
27,
0,
41,
0,
53,
0,
30,
225,
0,
0,
0,
0,
18,
68,
0,
0,
41,
0,
0,
0,
5,
0,
0,
0,
0,
0,
7,
0,
20,
0,
0,
5,
0,
99,
60,
79,
27,
0,
24,
47,
8,
0,
0,
64,
0,
0,
24,
0,
47,
0,
0,
70,
66,
1,
8,
0,
0,
0,
0,
0,
0,
0,
0,
0,
21,
0,
49,
0,
20,
0,
72,
222,
0,
0,
0,
0,
0,
90,
0,
0,
48,
0,
0,
0,
21,
0,
0,
0,
0,
0,
0,
0,
14,
0,
0,
0,
0,
127,
82,
51,
2,
0,
37,
59,
30,
0,
0,
12,
0,
0,
68,
0,
31,
0,
0,
61,
48,
31,
11,
0,
23,
0,
0,
73,
0,
0,
0,
0,
43,
0,
60,
0,
0,
0,
25,
135,
41,
0,
8,
0,
0,
45,
0,
0,
0,
0,
0,
0,
12,
0,
0,
0,
0,
0,
0,
3,
6,
0,
0,
0,
0,
37,
28,
2,
0,
0,
18,
45,
0,
0,
0,
0,
0,
0,
0,
0,
20,
0,
0,
0,
107,
25,
14,
0,
0,
0,
0,
99,
0,
0,
0,
0,
0,
98,
81,
0,
0,
0,
25,
0,
0,
0,
0,
0,
0,
0,
0,
0,
35,
0,
59,
0,
0,
0,
0,
0,
0,
4,
0,
0,
0,
6,
0,
0,
23,
0,
0,
33,
0,
0,
0,
15,
0,
0,
0,
0,
0,
72,
0,
0,
0,
0,
43,
0,
7,
0,
0,
17,
11,
0,
0,
0,
0,
0,
0,
0,
28,
22,
89,
0,
0,
38,
58,
76,
0,
0,
0,
0,
0,
0,
0,
0,
44,
0,
0,
23,
0,
0,
0,
0,
0,
0,
0,
0,
0,
0,
0,
0,
0,
0,
20,
102,
3,
15,
0,
47,
0,
0,
0,
0,
0,
12,
0,
0,
0,
0,
0,
2,
0,
0,
0,
0,
0,
0,
46,
0,
0,
0,
0,
0,
12,
0,
108,
0,
0,
0,
45,
88,
0,
0,
0,
0,
12,
0,
0,
0,
29,
0,
0,
33,
0,
0,
0,
0,
0,
0,
0,
0,
0,
0,
0,
0,
0,
0,
23,
102,
51,
0,
0,
42,
0,
0,
0,
0,
0,
0,
13,
0,
0,
0,
15,
14,
0,
0,
3,
0,
0,
0,
60,
0,
0,
0,
0,
0,
11,
0,
105,
0,
0,
0,
54,
100,
0,
0,
0,
0,
0,
16,
0,
0,
19,
0,
0,
27,
0,
0,
0,
0,
0,
0,
0,
0,
0,
0,
0,
0,
0,
0,
29,
105,
20,
0,
0,
52,
0,
0,
0,
0,
0,
0,
20,
24,
0,
0,
13,
21,
0,
0,
9,
0,
4,
0,
53,
0,
0,
0,
0,
0,
0,
0,
99,
0,
0,
0,
56,
89,
0,
0,
0,
0,
0,
2,
0,
0,
3,
0,
0,
21,
0,
0,
0,
0,
0,
0,
0,
0,
0,
0,
0,
0,
0,
0,
38,
114,
0,
0,
0,
48,
0,
0,
0,
0,
0,
0,
19,
10,
0,
0,
0,
16,
6,
0,
8,
0,
21,
0,
29,
0,
0,
0,
2,
0,
0,
0,
69,
0,
0,
0,
19,
45,
0,
0,
0,
0,
0,
0,
0,
0,
0,
0,
0,
3,
0,
0,
0,
0,
0,
0,
0,
0,
9,
0,
0,
0,
0,
0,
42,
127,
0,
0,
0,
65,
0,
24,
0,
0,
0,
0,
25,
2,
0,
0,
0,
0,
2,
0,
4,
0,
41,
0,
51,
0,
0,
0,
9,
0,
0,
0,
60,
0,
0,
0,
0,
26,
0,
0,
0,
0,
0,
0,
0,
0,
0,
0,
0,
1,
0,
0,
0,
0,
0,
0,
0,
0,
18,
0,
0,
0,
27,
0,
9,
110,
6,
0,
0,
72,
0,
19,
0,
0,
0,
0,
6,
0,
0,
0,
0,
0,
0,
0,
0,
0,
42,
0,
84,
0,
0,
0,
0,
0,
16,
1,
62,
0,
0,
0,
0,
8,
30,
0,
0,
0,
0,
1,
0,
0,
0,
0,
0,
0,
28,
13,
0,
18,
0,
6,
0,
0,
32,
0,
0,
0,
21,
0,
0,
64,
0,
0,
0,
71,
0,
0,
0,
0,
0,
0,
0,
18,
0,
27,
0,
0,
0,
0,
16,
0,
14,
0,
49,
45,
0,
0,
28,
