# block5.conv1.sn_branches.2.3 (shape [4, 4, 256]),
0,
0,
11,
27,
0,
0,
27,
0,
20,
2,
2,
0,
0,
22,
10,
0,
28,
0,
0,
0,
3,
12,
0,
0,
0,
0,
13,
22,
8,
0,
0,
19,
0,
0,
0,
0,
11,
0,
0,
0,
0,
0,
0,
17,
0,
0,
0,
20,
0,
14,
11,
6,
0,
1,
0,
3,
0,
3,
0,
14,
0,
0,
0,
6,
11,
5,
10,
17,
0,
2,
14,
0,
0,
0,
0,
6,
18,
21,
47,
38,
0,
8,
6,
0,
0,
0,
0,
0,
25,
0,
18,
33,
0,
0,
51,
0,
0,
73,
0,
9,
22,
12,
0,
0,
3,
0,
0,
0,
15,
2,
28,
0,
0,
0,
0,
0,
22,
0,
0,
0,
20,
0,
0,
21,
15,
0,
21,
0,
0,
3,
5,
0,
7,
0,
11,
6,
16,
0,
0,
3,
0,
0,
0,
0,
22,
4,
0,
13,
5,
0,
13,
1,
0,
0,
0,
0,
0,
32,
10,
0,
3,
11,
20,
7,
39,
0,
0,
0,
0,
7,
13,
0,
0,
6,
0,
0,
21,
0,
21,
0,
15,
0,
0,
0,
28,
0,
0,
0,
0,
17,
0,
49,
0,
26,
0,
0,
14,
0,
0,
2,
0,
0,
0,
0,
10,
15,
0,
0,
0,
22,
3,
20,
26,
0,
0,
0,
0,
14,
0,
21,
0,
2,
0,
0,
0,
0,
5,
0,
32,
10,
0,
0,
22,
0,
0,
0,
0,
15,
25,
0,
38,
0,
3,
2,
7,
0,
0,
0,
0,
0,
18,
0,
19,
16,
0,
0,
30,
2,
0,
22,
0,
0,
37,
0,
43,
0,
0,
0,
0,
15,
27,
0,
28,
3,
1,
0,
0,
0,
0,
0,
24,
0,
0,
28,
0,
0,
0,
9,
0,
0,
0,
0,
0,
0,
0,
0,
0,
11,
16,
55,
0,
0,
0,
19,
0,
22,
14,
37,
4,
9,
0,
0,
8,
5,
0,
23,
8,
0,
0,
21,
0,
22,
43,
23,
13,
5,
46,
0,
0,
0,
0,
0,
14,
32,
16,
75,
0,
0,
26,
0,
0,
0,
0,
0,
23,
0,
24,
29,
0,
0,
58,
5,
0,
60,
0,
0,
23,
23,
0,
0,
0,
17,
0,
0,
24,
9,
27,
0,
0,
0,
0,
0,
63,
40,
0,
2,
0,
0,
0,
22,
13,
0,
11,
0,
0,
0,
3,
0,
12,
0,
38,
22,
7,
7,
0,
6,
0,
0,
0,
0,
25,
0,
22,
4,
0,
0,
18,
15,
0,
0,
0,
0,
0,
34,
15,
0,
47,
21,
27,
0,
62,
0,
0,
21,
0,
0,
56,
0,
12,
6,
17,
0,
7,
0,
0,
0,
0,
0,
2,
0,
0,
0,
0,
0,
0,
34,
0,
28,
0,
24,
0,
0,
13,
19,
0,
0,
0,
0,
22,
0,
35,
14,
2,
0,
0,
44,
14,
17,
46,
0,
25,
0,
0,
5,
0,
0,
0,
3,
15,
0,
0,
0,
0,
0,
30,
11,
0,
2,
35,
0,
0,
0,
0,
39,
21,
0,
21,
2,
19,
0,
0,
0,
0,
0,
0,
0,
10,
18,
18,
0,
0,
0,
10,
15,
0,
23,
0,
0,
31,
0,
62,
0,
0,
0,
0,
5,
15,
0,
38,
5,
0,
12,
0,
0,
0,
0,
32,
0,
0,
42,
0,
0,
3,
12,
0,
0,
0,
0,
0,
0,
0,
0,
15,
35,
16,
30,
0,
0,
10,
18,
0,
8,
0,
0,
0,
4,
0,
0,
0,
0,
0,
0,
7,
0,
0,
25,
0,
8,
48,
21,
0,
0,
42,
0,
0,
0,
0,
0,
13,
33,
0,
52,
0,
0,
27,
0,
0,
0,
0,
0,
19,
0,
28,
8,
0,
0,
37,
10,
0,
46,
0,
0,
1,
9,
7,
0,
10,
0,
10,
0,
19,
0,
13,
0,
0,
0,
0,
0,
35,
8,
0,
0,
6,
0,
0,
21,
15,
0,
5,
0,
0,
17,
0,
2,
0,
0,
31,
20,
11,
6,
0,
18,
0,
0,
0,
0,
20,
0,
20,
17,
0,
0,
1,
3,
0,
0,
0,
0,
0,
33,
0,
0,
17,
0,
10,
0,
39,
0,
0,
40,
0,
2,
16,
0,
35,
0,
0,
0,
11,
0,
0,
0,
7,
0,
0,
0,
0,
0,
0,
0,
0,
36,
0,
17,
0,
23,
0,
0,
13,
14,
0,
0,
0,
0,
30,
0,
21,
14,
0,
0,
0,
32,
7,
15,
36,
0,
19,
1,
0,
0,
0,
0,
0,
0,
13,
0,
0,
0,
0,
0,
11,
4,
0,
11,
10,
0,
0,
0,
0,
26,
12,
0,
25,
0,
14,
0,
0,
0,
0,
0,
4,
0,
11,
5,
18,
1,
13,
0,
0,
35,
0,
0,
0,
0,
17,
0,
29,
6,
0,
0,
0,
17,
7,
0,
25,
0,
0,
22,
0,
15,
8,
0,
28,
0,
2,
37,
5,
0,
0,
9,
3,
4,
0,
0,
0,
0,
9,
0,
28,
35,
6,
15,
0,
10,
0,
24,
0,
2,
1,
0,
0,
0,
0,
0,
0,
4,
0,
0,
4,
0,
0,
14,
0,
10,
14,
20,
0,
0,
5,
0,
0,
0,
0,
0,
13,
21,
0,
19,
0,
2,
0,
0,
14,
0,
0,
0,
13,
0,
30,
15,
24,
0,
16,
0,
0,
17,
0,
0,
0,
4,
0,
0,
7,
0,
13,
0,
1,
0,
2,
5,
0,
0,
23,
0,
11,
0,
7,
0,
11,
0,
0,
19,
17,
0,
0,
6,
8,
32,
0,
3,
0,
0,
8,
13,
23,
3,
5,
27,
0,
11,
0,
0,
9,
16,
26,
22,
0,
0,
12,
0,
0,
0,
0,
16,
0,
33,
0,
0,
0,
0,
0,
0,
24,
0,
0,
40,
0,
7,
0,
0,
0,
0,
0,
0,
7,
0,
0,
0,
16,
0,
0,
0,
0,
0,
0,
0,
0,
33,
0,
7,
20,
19,
0,
0,
14,
22,
0,
0,
4,
0,
19,
0,
12,
12,
0,
2,
0,
25,
16,
19,
0,
0,
3,
0,
0,
0,
0,
0,
0,
0,
17,
5,
0,
2,
0,
0,
0,
0,
6,
15,
4,
0,
0,
0,
0,
15,
0,
3,
7,
0,
0,
3,
0,
2,
0,
0,
1,
0,
0,
5,
16,
13,
0,
0,
0,
16,
0,
0,
0,
0,
38,
10,
2,
0,
22,
47,
1,
0,
0,
0,
5,
0,
0,
28,
0,
37,
0,
0,
0,
17,
0,
0,
0,
20,
0,
13,
0,
0,
0,
0,
27,
0,
7,
0,
0,
0,
0,
20,
0,
0,
0,
1,
0,
0,
0,
0,
0,
5,
0,
0,
0,
0,
0,
6,
0,
0,
0,
8,
15,
5,
3,
19,
6,
0,
4,
0,
0,
0,
0,
16,
20,
9,
9,
12,
0,
0,
30,
0,
12,
0,
0,
0,
1,
6,
34,
1,
0,
0,
10,
0,
0,
44,
0,
8,
26,
41,
0,
5,
0,
8,
0,
0,
8,
0,
0,
27,
0,
4,
14,
12,
14,
2,
0,
0,
7,
0,
0,
20,
20,
0,
0,
0,
0,
0,
0,
0,
0,
0,
0,
0,
3,
0,
0,
0,
0,
0,
0,
4,
34,
0,
0,
0,
0,
22,
16,
50,
0,
0,
0,
0,
8,
0,
18,
0,
6,
43,
0,
0,
0,
0,
0,
0,
11,
0,
5,
0,
0,
0,
0,
0,
0,
0,
0,
0,
0,
0,
0,
0,
0,
0,
0,
0,
0,
0,
0,
21,
0,
21,
0,
4,
14,
0,
0,
33,
0,
0,
0,
0,
0,
21,
27,
0,
0,
0,
25,
11,
5,
0,
20,
1,
6,
0,
0,
0,
0,
0,
8,
0,
0,
0,
0,
59,
48,
9,
18,
13,
10,
0,
0,
0,
0,
51,
0,
0,
0,
0,
0,
13,
14,
16,
0,
3,
14,
0,
0,
0,
15,
0,
12,
0,
0,
46,
0,
0,
7,
0,
34,
25,
0,
0,
0,
45,
0,
0,
0,
0,
0,
2,
0,
38,
0,
0,
0,
0,
0,
81,
0,
0,
0,
0,
4,
0,
0,
27,
13,
0,
38,
3,
0,
0,
0,
0,
0,
34,
0,
0,
0,
0,
0,
0,
0,
0,
0,
26,
0,
0,
27,
0,
3,
31,
0,
0,
0,
35,
0,
24,
9,
0,
42,
0,
15,
0,
0,
0,
0,
0,
0,
0,
0,
30,
0,
0,
29,
0,
8,
0,
0,
0,
0,
7,
31,
0,
0,
0,
0,
38,
0,
29,
0,
0,
0,
2,
0,
31,
0,
11,
0,
0,
11,
0,
0,
0,
0,
6,
69,
8,
23,
1,
2,
0,
14,
0,
0,
8,
0,
0,
0,
0,
0,
0,
0,
0,
0,
0,
0,
0,
0,
4,
0,
0,
0,
0,
0,
7,
30,
0,
0,
0,
0,
41,
0,
37,
0,
20,
0,
0,
19,
18,
35,
0,
28,
21,
0,
0,
0,
15,
0,
0,
7,
0,
40,
0,
19,
0,
0,
8,
0,
0,
0,
0,
0,
0,
26,
0,
0,
0,
0,
0,
0,
0,
0,
0,
0,
0,
4,
0,
0,
39,
0,
0,
0,
0,
0,
12,
0,
0,
0,
0,
0,
12,
5,
0,
33,
0,
65,
6,
19,
0,
0,
0,
0,
0,
0,
0,
0,
0,
0,
89,
50,
5,
16,
44,
13,
0,
0,
0,
0,
64,
0,
0,
0,
39,
2,
32,
0,
38,
0,
7,
38,
0,
0,
0,
0,
0,
43,
0,
0,
70,
0,
0,
0,
0,
0,
30,
0,
0,
15,
0,
0,
0,
0,
3,
2,
22,
0,
55,
0,
0,
0,
0,
0,
26,
0,
14,
0,
0,
0,
13,
0,
0,
20,
40,
27,
27,
12,
0,
5,
24,
0,
9,
0,
0,
0,
0,
0,
0,
0,
0,
0,
55,
0,
0,
0,
0,
13,
0,
0,
0,
2,
23,
0,
41,
0,
0,
27,
0,
0,
0,
0,
0,
0,
0,
0,
9,
0,
18,
0,
0,
8,
0,
7,
0,
0,
0,
0,
8,
27,
0,
46,
0,
0,
24,
2,
0,
0,
0,
0,
18,
0,
2,
2,
0,
0,
0,
4,
0,
0,
6,
0,
0,
72,
0,
0,
0,
26,
0,
11,
0,
0,
5,
0,
0,
0,
0,
0,
33,
0,
0,
0,
4,
0,
0,
0,
11,
0,
3,
0,
0,
22,
0,
6,
0,
5,
13,
0,
18,
0,
18,
0,
0,
22,
0,
4,
29,
7,
0,
0,
0,
0,
0,
0,
20,
0,
9,
0,
0,
0,
0,
0,
0,
0,
0,
1,
0,
0,
0,
0,
28,
23,
0,
0,
0,
0,
0,
0,
0,
0,
0,
0,
0,
14,
0,
0,
22,
43,
0,
0,
0,
0,
0,
0,
0,
0,
0,
0,
28,
0,
0,
0,
0,
35,
11,
0,
0,
0,
0,
0,
0,
0,
35,
0,
0,
0,
4,
15,
0,
3,
38,
0,
0,
2,
0,
0,
55,
0,
10,
0,
18,
7,
40,
0,
37,
0,
0,
17,
0,
0,
0,
0,
0,
64,
0,
0,
30,
11,
0,
0,
0,
25,
0,
0,
0,
56,
0,
1,
0,
0,
0,
0,
0,
0,
7,
0,
6,
0,
0,
36,
0,
0,
21,
0,
0,
0,
24,
18,
0,
7,
0,
18,
0,
26,
0,
13,
30,
0,
0,
0,
0,
2,
3,
2,
0,
3,
0,
0,
10,
0,
0,
5,
12,
0,
0,
41,
0,
0,
6,
0,
0,
0,
15,
0,
0,
0,
0,
0,
0,
0,
0,
11,
0,
0,
0,
0,
37,
5,
0,
2,
0,
0,
0,
15,
24,
21,
20,
38,
0,
0,
0,
0,
0,
0,
0,
0,
14,
0,
0,
4,
0,
0,
0,
4,
1,
0,
0,
0,
0,
42,
0,
0,
0,
5,
0,
0,
0,
0,
18,
20,
6,
0,
0,
0,
45,
0,
0,
0,
0,
0,
0,
15,
0,
35,
9,
0,
0,
0,
0,
12,
11,
0,
30,
0,
11,
16,
0,
32,
0,
28,
55,
0,
0,
23,
0,
0,
0,
0,
0,
0,
0,
0,
1,
0,
22,
0,
0,
0,
0,
0,
0,
0,
0,
0,
20,
0,
18,
5,
0,
0,
0,
0,
0,
0,
0,
0,
5,
17,
6,
7,
0,
13,
17,
29,
0,
0,
0,
0,
0,
0,
15,
0,
0,
0,
4,
19,
7,
0,
0,
6,
0,
0,
0,
0,
0,
0,
0,
0,
0,
0,
0,
0,
0,
0,
0,
10,
21,
0,
18,
0,
5,
0,
0,
0,
0,
0,
13,
0,
0,
0,
0,
0,
0,
0,
0,
0,
0,
6,
0,
0,
0,
0,
24,
0,
0,
30,
0,
0,
11,
0,
0,
2,
0,
10,
0,
0,
47,
9,
0,
0,
2,
29,
0,
0,
14,
0,
39,
0,
0,
47,
11,
45,
0,
0,
64,
5,
27,
0,
0,
6,
36,
0,
0,
23,
0,
0,
16,
2,
0,
0,
17,
0,
15,
25,
0,
0,
1,
0,
0,
15,
17,
0,
0,
0,
0,
0,
0,
0,
0,
19,
0,
0,
0,
0,
0,
0,
13,
0,
0,
0,
0,
14,
15,
0,
0,
0,
0,
0,
30,
0,
0,
17,
0,
45,
0,
0,
7,
0,
0,
0,
0,
0,
0,
0,
0,
0,
4,
0,
0,
0,
0,
0,
0,
0,
10,
78,
0,
9,
0,
0,
0,
0,
0,
2,
0,
0,
23,
0,
1,
0,
0,
0,
27,
0,
0,
0,
0,
0,
0,
0,
0,
0,
0,
28,
49,
0,
0,
32,
18,
0,
0,
0,
0,
0,
0,
27,
0,
34,
10,
33,
0,
0,
0,
0,
7,
0,
29,
0,
5,
12,
0,
0,
0,
0,
0,
0,
0,
0,
0,
0,
0,
0,
31,
28,
0,
0,
14,
0,
0,
0,
0,
4,
0,
0,
0,
10,
60,
0,
2,
43,
0,
0,
0,
0,
0,
0,
0,
0,
0,
6,
0,
0,
0,
0,
22,
0,
36,
18,
0,
39,
0,
0,
0,
0,
12,
0,
12,
0,
0,
0,
0,
19,
0,
0,
0,
0,
0,
0,
0,
0,
5,
0,
29,
54,
0,
11,
9,
0,
0,
6,
0,
0,
17,
0,
0,
0,
0,
0,
40,
0,
0,
0,
0,
0,
0,
0,
0,
6,
0,
0,
0,
0,
50,
0,
0,
0,
6,
43,
0,
0,
32,
0,
51,
0,
0,
51,
0,
63,
0,
0,
89,
74,
44,
0,
12,
0,
23,
0,
0,
0,
0,
0,
0,
0,
0,
0,
0,
0,
4,
45,
1,
0,
0,
24,
0,
38,
30,
0,
0,
0,
0,
0,
0,
0,
0,
36,
33,
0,
15,
0,
0,
0,
0,
0,
0,
0,
0,
11,
0,
0,
0,
0,
0,
0,
0,
0,
0,
19,
0,
46,
0,
0,
11,
0,
0,
0,
0,
0,
0,
0,
19,
0,
0,
0,
0,
0,
0,
0,
0,
22,
12,
125,
0,
0,
0,
0,
0,
0,
0,
0,
0,
0,
40,
0,
12,
0,
0,
0,
7,
0,
0,
0,
0,
0,
6,
0,
0,
26,
1,
0,
61,
0,
0,
33,
57,
0,
0,
0,
0,
0,
15,
6,
0,
33,
0,
44,
0,
0,
0,
0,
32,
0,
38,
0,
0,
0,
0,
2,
0,
0,
0,
0,
0,
0,
0,
0,
8,
0,
60,
49,
0,
0,
47,
0,
0,
0,
0,
0,
0,
0,
0,
56,
51,
0,
11,
68,
0,
0,
0,
0,
0,
0,
0,
0,
0,
25,
0,
0,
0,
0,
0,
0,
26,
26,
0,
65,
0,
5,
0,
0,
80,
0,
26,
0,
0,
0,
0,
19,
0,
0,
0,
0,
0,
0,
0,
0,
25,
0,
30,
41,
27,
10,
36,
0,
11,
16,
17,
0,
0,
0,
0,
11,
0,
0,
20,
0,
0,
0,
0,
0,
0,
0,
0,
33,
0,
0,
0,
0,
14,
0,
0,
0,
0,
0,
0,
0,
22,
25,
0,
0,
13,
0,
0,
2,
0,
0,
0,
99,
33,
0,
0,
56,
0,
0,
0,
0,
0,
0,
3,
0,
0,
15,
0,
0,
20,
25,
0,
0,
0,
38,
0,
0,
0,
0,
2,
0,
0,
0,
23,
0,
0,
6,
76,
0,
0,
0,
0,
0,
0,
0,
0,
0,
0,
10,
0,
0,
0,
0,
0,
0,
0,
0,
21,
0,
0,
69,
0,
0,
0,
0,
0,
0,
0,
0,
0,
0,
0,
0,
0,
0,
43,
0,
6,
0,
0,
42,
0,
64,
0,
0,
40,
0,
0,
0,
0,
0,
0,
0,
62,
0,
0,
0,
0,
0,
0,
0,
0,
0,
0,
0,
23,
37,
0,
5,
9,
22,
22,
0,
0,
42,
61,
0,
0,
0,
0,
0,
0,
0,
0,
0,
0,
23,
0,
0,
0,
0,
26,
0,
0,
0,
0,
0,
4,
6,
0,
0,
6,
0,
0,
0,
0,
0,
89,
0,
27,
15,
0,
0,
16,
0,
0,
0,
0,
17,
0,
0,
0,
25,
18,
0,
12,
103,
0,
0,
0,
0,
9,
0,
0,
0,
0,
67,
0,
0,
0,
0,
0,
0,
12,
7,
0,
47,
0,
26,
0,
0,
80,
0,
33,
0,
0,
0,
0,
0,
0,
0,
0,
0,
0,
0,
0,
0,
46,
0,
0,
0,
8,
30,
7,
39,
0,
0,
60,
0,
11,
0,
0,
14,
0,
0,
34,
34,
0,
0,
12,
0,
0,
0,
46,
31,
0,
0,
0,
0,
0,
0,
0,
0,
0,
0,
17,
0,
0,
32,
0,
9,
18,
0,
0,
0,
0,
0,
0,
44,
0,
0,
0,
38,
0,
1,
4,
0,
0,
0,
17,
0,
0,
22,
0,
14,
17,
0,
0,
0,
0,
29,
37,
0,
0,
46,
0,
0,
0,
0,
10,
0,
0,
0,
21,
0,
0,
0,
0,
0,
0,
0,
10,
0,
0,
29,
39,
0,
0,
0,
0,
0,
0,
15,
42,
0,
0,
26,
0,
0,
0,
0,
0,
17,
0,
0,
0,
0,
0,
0,
0,
0,
12,
0,
7,
0,
0,
14,
0,
23,
0,
0,
22,
0,
0,
0,
0,
0,
0,
0,
22,
0,
0,
0,
0,
0,
0,
0,
0,
0,
0,
12,
15,
52,
0,
0,
20,
17,
0,
0,
27,
11,
43,
10,
0,
2,
0,
0,
0,
0,
32,
0,
0,
18,
5,
4,
0,
0,
10,
0,
0,
0,
0,
0,
36,
10,
0,
0,
0,
0,
0,
0,
0,
0,
65,
17,
0,
0,
0,
0,
0,
0,
0,
0,
0,
0,
0,
11,
0,
5,
0,
13,
0,
49,
0,
0,
0,
0,
13,
0,
0,
0,
0,
22,
0,
7,
4,
0,
8,
0,
0,
0,
5,
0,
8,
15,
0,
0,
0,
0,
3,
0,
0,
0,
0,
0,
1,
0,
0,
0,
35,
0,
0,
0,
9,
0,
0,
0,
0,
31,
13,
29,
0,
0,
31,
0,
4,
0,
4,
0,
0,
0,
0,
0,
0,
0,
0,
0,
0,
0,
12,
0,
0,
11,
0,
4,
0,
0,
0,
0,
0,
0,
0,
0,
0,
0,
0,
9,
0,
7,
0,
0,
0,
0,
0,
0,
0,
0,
0,
4,
0,
8,
0,
0,
0,
0,
16,
0,
0,
10,
0,
0,
9,
3,
0,
0,
0,
0,
0,
0,
0,
0,
0,
0,
0,
0,
0,
0,
0,
0,
18,
0,
42,
7,
0,
0,
0,
0,
10,
0,
0,
0,
0,
0,
0,
0,
0,
0,
0,
0,
0,
3,
0,
16,
0,
0,
0,
0,
0,
0,
0,
0,
0,
0,
7,
0,
0,
0,
0,
0,
1,
11,
0,
0,
0,
3,
0,
10,
0,
0,
0,
0,
0,
0,
0,
0,
8,
0,
0,
0,
0,
0,
4,
0,
0,
0,
0,
9,
4,
20,
0,
6,
24,
1,
18,
0,
0,
0,
37,
0,
0,
0,
0,
0,
0,
6,
0,
21,
0,
0,
0,
2,
0,
0,
0,
0,
0,
3,
0,
0,
0,
0,
3,
0,
0,
0,
0,
0,
0,
1,
17,
0,
28,
0,
0,
24,
0,
0,
0,
0,
0,
0,
0,
14,
0,
8,
0,
0,
0,
13,
0,
0,
0,
0,
0,
0,
0,
0,
0,
25,
0,
0,
0,
0,
36,
0,
0,
0,
0,
22,
0,
8,
0,
0,
0,
0,
9,
0,
0,
0,
0,
1,
0,
0,
0,
0,
6,
0,
0,
0,
0,
0,
0,
0,
1,
26,
1,
3,
0,
0,
0,
0,
0,
0,
0,
0,
0,
0,
0,
14,
0,
0,
0,
0,
0,
0,
0,
0,
1,
0,
0,
0,
0,
0,
0,
0,
0,
0,
0,
0,
5,
0,
0,
10,
0,
0,
0,
0,
0,
0,
0,
45,
0,
0,
0,
20,
0,
0,
0,
0,
0,
0,
24,
0,
0,
17,
10,
0,
0,
0,
0,
0,
0,
34,
0,
0,
0,
0,
0,
0,
0,
0,
0,
0,
0,
0,
73,
0,
50,
6,
0,
0,
0,
0,
0,
0,
0,
2,
0,
0,
0,
0,
0,
0,
0,
0,
0,
0,
0,
12,
0,
0,
0,
0,
0,
0,
0,
0,
0,
0,
0,
0,
0,
5,
0,
0,
36,
0,
0,
18,
0,
2,
0,
0,
0,
0,
0,
0,
0,
0,
0,
0,
9,
0,
0,
0,
0,
0,
8,
0,
0,
0,
0,
0,
2,
27,
0,
6,
2,
3,
37,
0,
0,
0,
60,
0,
0,
0,
0,
0,
1,
0,
0,
8,
0,
0,
0,
0,
0,
0,
9,
0,
0,
16,
0,
0,
56,
0,
11,
0,
0,
0,
0,
0,
0,
0,
72,
0,
36,
2,
0,
20,
0,
0,
0,
0,
0,
0,
0,
3,
0,
0,
6,
0,
0,
70,
0,
0,
0,
0,
0,
0,
0,
0,
0,
40,
0,
0,
0,
0,
10,
0,
0,
3,
0,
31,
0,
8,
0,
0,
0,
0,
23,
0,
0,
0,
0,
0,
0,
0,
0,
0,
0,
0,
0,
0,
0,
0,
0,
0,
3,
30,
1,
70,
14,
0,
18,
0,
0,
0,
0,
0,
0,
0,
0,
24,
0,
0,
14,
0,
0,
0,
11,
0,
0,
0,
0,
0,
0,
0,
0,
0,
0,
0,
0,
0,
2,
0,
0,
19,
0,
0,
0,
0,
0,
0,
0,
34,
0,
0,
1,
21,
0,
0,
0,
0,
0,
0,
28,
0,
0,
28,
6,
0,
0,
0,
0,
0,
0,
51,
0,
0,
0,
0,
9,
0,
0,
0,
0,
0,
0,
0,
56,
0,
47,
0,
0,
0,
0,
0,
7,
0,
0,
0,
0,
0,
0,
0,
0,
0,
0,
0,
0,
0,
0,
25,
0,
0,
8,
0,
0,
1,
0,
0,
0,
0,
0,
0,
0,
0,
0,
0,
30,
0,
0,
20,
0,
0,
0,
0,
0,
0,
0,
0,
0,
0,
0,
0,
13,
0,
0,
0,
0,
0,
24,
0,
0,
0,
0,
0,
0,
20,
0,
16,
10,
6,
34,
0,
9,
0,
50,
0,
0,
0,
0,
0,
21,
11,
0,
0,
0,
0,
0,
3,
0,
0,
5,
0,
0,
12,
0,
0,
73,
0,
10,
0,
0,
23,
0,
0,
0,
0,
77,
0,
32,
8,
0,
20,
0,
0,
0,
0,
0,
0,
0,
8,
0,
0,
1,
0,
0,
73,
0,
0,
0,
0,
0,
0,
0,
0,
0,
52,
0,
0,
0,
0,
0,
0,
0,
0,
0,
16,
0,
8,
0,
0,
0,
0,
14,
0,
0,
0,
0,
0,
0,
0,
0,
0,
0,
0,
0,
0,
0,
0,
0,
0,
0,
35,
0,
69,
15,
0,
25,
0,
0,
0,
0,
0,
1,
0,
0,
6,
0,
0,
21,
0,
0,
0,
31,
0,
0,
0,
0,
2,
0,
0,
0,
0,
0,
0,
0,
0,
0,
0,
0,
19,
0,
0,
0,
0,
0,
0,
0,
0,
0,
0,
0,
16,
0,
1,
6,
0,
0,
0,
0,
0,
0,
23,
0,
9,
8,
0,
0,
0,
0,
13,
27,
0,
0,
0,
0,
0,
0,
0,
0,
0,
0,
0,
1,
0,
37,
0,
0,
0,
0,
13,
23,
0,
0,
20,
0,
0,
0,
2,
0,
0,
0,
4,
20,
0,
0,
9,
0,
0,
0,
0,
0,
4,
0,
0,
0,
0,
0,
0,
0,
0,
8,
0,
0,
0,
0,
2,
0,
0,
0,
2,
0,
0,
0,
0,
0,
0,
0,
14,
0,
0,
0,
0,
0,
0,
2,
0,
0,
0,
0,
9,
0,
38,
0,
27,
20,
27,
0,
0,
14,
0,
36,
0,
0,
0,
0,
0,
6,
12,
0,
0,
0,
0,
6,
7,
0,
0,
1,
0,
0,
10,
0,
0,
31,
0,
0,
0,
0,
10,
0,
0,
16,
0,
37,
0,
10,
0,
0,
16,
0,
0,
0,
0,
0,
0,
0,
11,
0,
7,
0,
14,
0,
28,
0,
0,
0,
0,
0,
0,
10,
0,
0,
22,
0,
5,
0,
0,
7,
0,
0,
0,
0,
12,
2,
16,
0,
0,
0,
0,
0,
0,
0,
0,
0,
0,
9,
0,
0,
0,
4,
0,
0,
0,
1,
0,
0,
0,
0,
33,
0,
33,
0,
0,
1,
0,
0,
0,
0,
0,
0,
