# block5.conv1.sn_branches.2.0 (shape [4, 4, 128]),
0,
0,
0,
0,
0,
0,
0,
0,
0,
88,
0,
46,
0,
13,
0,
29,
48,
58,
0,
0,
22,
0,
0,
0,
0,
0,
44,
0,
0,
0,
0,
40,
141,
25,
0,
0,
0,
0,
0,
40,
0,
0,
9,
76,
0,
22,
0,
0,
15,
0,
0,
0,
0,
31,
46,
0,
11,
0,
4,
0,
0,
10,
0,
27,
0,
0,
0,
35,
0,
0,
0,
79,
0,
30,
0,
0,
41,
131,
32,
0,
50,
0,
0,
0,
0,
0,
34,
25,
54,
0,
0,
0,
0,
0,
8,
0,
5,
132,
0,
35,
0,
0,
0,
0,
0,
55,
34,
0,
0,
0,
0,
26,
0,
0,
0,
0,
0,
0,
32,
9,
35,
1,
20,
0,
36,
0,
38,
0,
36,
0,
0,
18,
0,
0,
0,
0,
0,
62,
0,
61,
12,
23,
0,
35,
13,
71,
0,
0,
0,
0,
7,
0,
0,
0,
84,
0,
0,
0,
0,
119,
26,
130,
6,
0,
5,
0,
28,
52,
0,
0,
0,
27,
0,
47,
0,
0,
2,
0,
0,
0,
0,
31,
46,
0,
3,
0,
19,
0,
0,
0,
0,
27,
0,
0,
0,
27,
0,
0,
0,
94,
30,
54,
0,
0,
41,
196,
32,
0,
86,
0,
33,
0,
18,
1,
24,
3,
54,
0,
0,
5,
0,
0,
39,
0,
10,
0,
1,
0,
0,
15,
0,
0,
0,
45,
67,
0,
0,
0,
22,
39,
0,
0,
0,
7,
0,
0,
62,
0,
38,
0,
20,
0,
36,
0,
8,
0,
0,
0,
0,
0,
9,
8,
0,
47,
0,
0,
0,
54,
38,
15,
5,
49,
0,
85,
0,
0,
0,
0,
48,
0,
0,
15,
38,
0,
0,
0,
0,
64,
8,
76,
0,
0,
8,
62,
33,
7,
62,
41,
0,
54,
37,
27,
0,
0,
9,
0,
0,
0,
0,
31,
41,
0,
0,
0,
42,
0,
0,
0,
0,
27,
0,
23,
0,
38,
0,
0,
14,
53,
2,
99,
0,
0,
26,
194,
32,
0,
37,
0,
5,
0,
40,
0,
19,
0,
56,
0,
0,
0,
0,
0,
16,
0,
4,
7,
32,
2,
0,
0,
0,
0,
0,
51,
75,
0,
0,
18,
13,
27,
30,
0,
0,
44,
2,
0,
87,
9,
10,
10,
20,
0,
36,
0,
0,
0,
0,
0,
0,
0,
0,
19,
0,
18,
0,
11,
0,
31,
62,
0,
33,
56,
0,
27,
0,
0,
0,
0,
36,
0,
0,
15,
0,
34,
0,
5,
0,
0,
0,
42,
0,
0,
6,
96,
1,
0,
4,
42,
0,
22,
0,
0,
0,
0,
23,
0,
0,
0,
0,
31,
38,
0,
24,
25,
27,
0,
0,
17,
0,
27,
0,
8,
30,
0,
0,
50,
0,
42,
13,
103,
0,
0,
23,
100,
32,
0,
14,
0,
0,
0,
41,
0,
0,
0,
49,
0,
0,
0,
0,
0,
0,
0,
2,
0,
8,
12,
0,
0,
61,
0,
0,
0,
58,
0,
0,
19,
0,
27,
34,
0,
0,
65,
12,
0,
49,
0,
0,
0,
20,
0,
36,
24,
0,
0,
8,
16,
0,
38,
22,
0,
0,
0,
0,
0,
0,
1,
14,
31,
0,
25,
23,
0,
63,
0,
0,
1,
88,
19,
0,
21,
15,
0,
0,
0,
54,
180,
128,
45,
0,
0,
0,
0,
0,
19,
0,
98,
7,
81,
33,
49,
31,
0,
0,
0,
0,
14,
6,
28,
0,
0,
55,
60,
0,
0,
0,
0,
0,
27,
0,
0,
0,
0,
0,
40,
0,
0,
0,
0,
0,
0,
43,
17,
32,
0,
0,
0,
2,
0,
3,
0,
33,
51,
54,
4,
0,
0,
0,
0,
0,
0,
0,
61,
6,
12,
0,
0,
0,
0,
0,
99,
23,
0,
0,
0,
0,
20,
2,
0,
0,
27,
27,
0,
67,
52,
9,
9,
21,
0,
35,
0,
0,
0,
69,
16,
0,
0,
0,
0,
0,
0,
30,
0,
0,
0,
90,
56,
0,
32,
15,
0,
39,
0,
1,
22,
211,
41,
0,
72,
0,
0,
0,
23,
63,
213,
0,
143,
69,
0,
0,
163,
48,
31,
20,
174,
0,
9,
98,
95,
0,
0,
0,
0,
0,
0,
6,
25,
0,
0,
0,
73,
52,
0,
0,
0,
0,
27,
0,
0,
34,
0,
0,
61,
0,
6,
0,
0,
0,
0,
47,
18,
32,
0,
0,
0,
73,
60,
0,
0,
63,
0,
56,
55,
0,
0,
0,
52,
0,
1,
0,
51,
37,
2,
0,
0,
5,
0,
0,
64,
38,
0,
53,
4,
23,
9,
0,
0,
35,
30,
21,
0,
135,
0,
0,
0,
0,
0,
34,
6,
0,
0,
0,
0,
22,
0,
5,
0,
0,
60,
52,
0,
0,
0,
100,
47,
14,
49,
24,
0,
0,
0,
0,
17,
217,
0,
0,
5,
0,
16,
0,
29,
26,
51,
0,
20,
106,
0,
31,
226,
48,
50,
12,
151,
0,
81,
78,
48,
0,
0,
0,
6,
0,
0,
0,
31,
0,
0,
10,
59,
65,
0,
0,
0,
0,
27,
0,
0,
0,
0,
0,
54,
21,
0,
0,
0,
0,
0,
18,
46,
32,
0,
0,
0,
33,
46,
47,
0,
25,
0,
62,
88,
0,
0,
2,
0,
0,
0,
0,
1,
25,
26,
22,
23,
42,
0,
0,
107,
77,
0,
75,
63,
31,
27,
40,
0,
44,
70,
30,
0,
164,
0,
0,
0,
0,
0,
35,
44,
0,
0,
67,
0,
48,
0,
10,
26,
0,
38,
12,
15,
0,
6,
74,
18,
43,
56,
9,
0,
0,
0,
0,
0,
118,
0,
0,
25,
58,
87,
0,
32,
0,
0,
0,
0,
53,
0,
31,
55,
63,
0,
25,
53,
0,
50,
6,
0,
12,
0,
14,
19,
0,
0,
0,
31,
12,
0,
22,
41,
107,
0,
0,
1,
0,
27,
0,
0,
57,
0,
0,
169,
30,
0,
0,
0,
0,
0,
8,
28,
32,
1,
7,
2,
16,
0,
21,
0,
0,
0,
0,
19,
119,
0,
0,
0,
0,
0,
0,
21,
0,
54,
3,
7,
103,
0,
0,
6,
41,
0,
0,
36,
0,
27,
35,
0,
14,
65,
39,
0,
86,
0,
0,
0,
0,
19,
36,
59,
0,
24,
0,
0,
0,
15,
9,
18,
0,
0,
102,
0,
0,
0,
77,
0,
0,
26,
41,
0,
154,
48,
0,
64,
72,
173,
0,
32,
0,
0,
0,
0,
0,
13,
18,
10,
18,
24,
0,
150,
42,
15,
57,
0,
0,
4,
10,
40,
0,
0,
42,
0,
95,
22,
0,
0,
9,
29,
43,
36,
0,
18,
0,
72,
0,
27,
25,
0,
0,
0,
0,
9,
0,
0,
0,
0,
18,
0,
43,
0,
24,
33,
0,
28,
182,
33,
22,
0,
0,
122,
25,
105,
0,
0,
42,
0,
0,
0,
0,
0,
0,
26,
22,
0,
0,
60,
0,
33,
30,
0,
61,
0,
0,
20,
33,
0,
58,
49,
50,
0,
81,
0,
0,
3,
7,
93,
22,
0,
0,
0,
10,
0,
51,
0,
19,
19,
0,
0,
155,
0,
0,
0,
224,
0,
0,
28,
28,
0,
185,
139,
1,
75,
97,
140,
0,
92,
0,
0,
0,
29,
0,
0,
0,
32,
96,
0,
0,
178,
0,
68,
11,
6,
22,
0,
67,
50,
0,
0,
58,
24,
62,
46,
9,
0,
21,
73,
0,
36,
14,
80,
0,
83,
5,
27,
0,
0,
61,
0,
0,
18,
0,
0,
0,
0,
29,
0,
43,
0,
24,
81,
0,
25,
249,
68,
0,
0,
25,
64,
31,
55,
0,
2,
70,
51,
0,
45,
14,
108,
20,
0,
4,
8,
33,
33,
8,
14,
31,
0,
182,
13,
0,
0,
33,
0,
117,
64,
39,
43,
137,
0,
0,
0,
0,
161,
12,
15,
0,
0,
0,
16,
63,
0,
2,
30,
0,
25,
182,
17,
3,
0,
226,
0,
30,
42,
23,
0,
85,
97,
0,
23,
43,
35,
0,
0,
52,
82,
0,
42,
0,
0,
0,
0,
83,
0,
58,
33,
78,
50,
0,
5,
54,
25,
0,
1,
0,
0,
60,
79,
0,
38,
13,
0,
43,
93,
38,
27,
0,
127,
0,
85,
53,
27,
0,
0,
31,
0,
118,
56,
35,
0,
29,
0,
14,
0,
49,
0,
22,
82,
0,
38,
112,
40,
61,
0,
0,
12,
0,
8,
196,
28,
53,
0,
0,
0,
77,
0,
33,
0,
25,
109,
83,
0,
0,
15,
0,
14,
144,
28,
0,
32,
30,
0,
121,
65,
12,
61,
122,
0,
0,
0,
60,
178,
6,
29,
0,
0,
0,
0,
35,
0,
2,
34,
0,
22,
64,
33,
0,
27,
99,
0,
19,
56,
0,
0,
74,
12,
0,
0,
0,
0,
0,
0,
125,
63,
0,
8,
0,
0,
14,
0,
21,
59,
54,
0,
78,
0,
0,
0,
83,
0,
18,
0,
0,
0,
46,
108,
0,
0,
0,
0,
29,
32,
8,
26,
49,
80,
0,
14,
27,
27,
0,
0,
31,
0,
68,
95,
45,
0,
10,
0,
0,
0,
26,
6,
29,
42,
6,
47,
17,
13,
0,
0,
0,
0,
0,
0,
212,
9,
25,
0,
0,
0,
73,
0,
6,
0,
0,
70,
112,
0,
0,
0,
0,
18,
0,
2,
0,
27,
34,
0,
44,
65,
0,
0,
34,
0,
18,
0,
36,
110,
10,
8,
0,
0,
13,
110,
0,
0,
2,
51,
0,
0,
35,
5,
0,
0,
47,
0,
0,
52,
38,
0,
125,
64,
0,
35,
0,
0,
0,
5,
0,
0,
0,
6,
0,
0,
0,
0,
0,
82,
0,
52,
23,
16,
13,
0,
25,
0,
0,
0,
0,
0,
39,
78,
60,
76,
0,
0,
38,
216,
13,
36,
0,
45,
0,
19,
31,
27,
47,
0,
31,
0,
51,
3,
0,
0,
10,
0,
0,
0,
43,
0,
31,
0,
0,
47,
0,
0,
25,
0,
0,
130,
0,
0,
0,
0,
66,
0,
0,
3,
74,
0,
0,
25,
0,
0,
0,
0,
0,
0,
0,
0,
32,
0,
0,
19,
33,
0,
14,
62,
0,
48,
21,
0,
0,
41,
71,
107,
12,
0,
78,
0,
14,
34,
25,
0,
2,
45,
0,
0,
14,
24,
0,
0,
171,
0,
0,
52,
30,
0,
138,
107,
0,
49,
0,
0,
0,
20,
0,
56,
0,
6,
15,
0,
0,
0,
30,
27,
0,
0,
0,
5,
0,
0,
74,
0,
0,
0,
0,
0,
19,
112,
25,
70,
0,
0,
11,
255,
16,
36,
0,
124,
0,
0,
78,
27,
78,
0,
31,
0,
75,
0,
9,
0,
10,
0,
1,
0,
43,
0,
29,
0,
0,
47,
7,
0,
15,
0,
0,
141,
0,
0,
131,
0,
90,
36,
0,
29,
2,
0,
0,
0,
0,
39,
0,
0,
32,
0,
0,
0,
72,
0,
0,
0,
33,
0,
17,
67,
29,
162,
32,
0,
0,
21,
43,
146,
0,
28,
146,
0,
22,
0,
64,
0,
2,
39,
0,
0,
15,
33,
0,
0,
159,
4,
11,
52,
43,
0,
71,
73,
0,
0,
0,
0,
0,
0,
0,
55,
0,
6,
0,
0,
7,
0,
27,
38,
15,
0,
30,
0,
0,
0,
78,
0,
0,
0,
0,
0,
0,
82,
0,
43,
4,
0,
8,
255,
21,
0,
0,
97,
0,
0,
59,
27,
115,
0,
31,
0,
88,
0,
46,
0,
10,
0,
0,
0,
60,
0,
25,
0,
0,
47,
0,
0,
33,
0,
0,
121,
0,
0,
164,
0,
64,
11,
13,
0,
0,
0,
34,
0,
0,
32,
7,
0,
11,
0,
0,
13,
34,
0,
0,
17,
23,
0,
0,
65,
33,
193,
0,
33,
23,
0,
0,
101,
0,
32,
120,
3,
24,
0,
5,
0,
2,
29,
0,
14,
0,
33,
0,
0,
70,
0,
0,
56,
42,
0,
26,
9,
0,
0,
0,
0,
0,
0,
0,
21,
0,
6,
0,
0,
4,
0,
4,
62,
8,
0,
44,
0,
4,
0,
53,
0,
99,
0,
0,
0,
0,
107,
0,
1,
42,
0,
31,
216,
0,
0,
0,
13,
0,
0,
22,
27,
70,
0,
31,
0,
35,
0,
36,
0,
10,
0,
0,
4,
40,
0,
30,
0,
17,
47,
0,
0,
0,
0,
0,
52,
0,
0,
60,
0,
0,
26,
25,
0,
0,
0,
28,
0,
0,
30,
30,
0,
5,
0,
0,
8,
0,
0,
0,
27,
17,
0,
0,
65,
22,
104,
0,
7,
6,
0,
0,
25,
0,
8,
59,
0,
