# block4.conv1.sn_branches.2.3 (shape [4, 4, 128]),
17,
11,
0,
28,
3,
17,
0,
17,
0,
0,
32,
0,
0,
63,
0,
1,
0,
66,
0,
0,
34,
4,
0,
0,
0,
16,
3,
0,
0,
38,
52,
8,
115,
75,
17,
26,
0,
0,
10,
1,
24,
0,
14,
112,
51,
38,
44,
0,
24,
0,
0,
0,
12,
0,
0,
0,
0,
15,
32,
0,
0,
103,
0,
0,
0,
7,
60,
17,
0,
55,
0,
46,
29,
27,
1,
0,
4,
37,
0,
0,
0,
38,
0,
0,
36,
37,
26,
53,
0,
70,
0,
18,
0,
0,
13,
1,
0,
79,
0,
3,
17,
24,
17,
7,
0,
0,
23,
1,
0,
0,
20,
0,
0,
12,
0,
34,
34,
13,
42,
11,
31,
36,
0,
9,
0,
0,
0,
0,
0,
24,
0,
0,
1,
0,
0,
41,
0,
0,
13,
0,
27,
44,
13,
0,
0,
49,
0,
25,
17,
10,
0,
0,
0,
48,
2,
19,
0,
27,
27,
0,
84,
63,
33,
16,
0,
0,
31,
46,
35,
0,
2,
76,
68,
40,
11,
0,
24,
0,
0,
0,
13,
0,
0,
0,
27,
33,
61,
0,
0,
105,
10,
0,
0,
43,
59,
50,
0,
60,
0,
76,
23,
19,
0,
0,
0,
78,
0,
0,
0,
65,
0,
6,
0,
30,
4,
44,
0,
65,
23,
36,
0,
0,
82,
13,
8,
23,
0,
10,
0,
32,
28,
0,
0,
0,
21,
0,
0,
0,
23,
0,
75,
0,
0,
21,
28,
29,
15,
21,
30,
41,
0,
0,
0,
0,
0,
0,
49,
0,
0,
29,
23,
0,
0,
0,
0,
7,
0,
0,
8,
47,
22,
0,
0,
85,
0,
26,
24,
7,
0,
0,
22,
18,
78,
38,
0,
29,
0,
0,
55,
62,
48,
68,
0,
0,
48,
72,
0,
11,
0,
86,
73,
49,
0,
0,
21,
0,
0,
0,
0,
0,
0,
0,
38,
15,
59,
0,
0,
40,
0,
0,
8,
26,
75,
13,
0,
32,
9,
6,
58,
74,
0,
0,
5,
120,
0,
0,
15,
68,
19,
0,
0,
18,
32,
6,
0,
87,
0,
0,
0,
60,
9,
3,
0,
39,
28,
44,
20,
6,
0,
0,
0,
0,
24,
0,
0,
0,
1,
0,
10,
7,
0,
0,
20,
0,
8,
16,
25,
19,
0,
0,
0,
0,
0,
7,
0,
9,
0,
0,
0,
0,
0,
0,
12,
0,
0,
0,
83,
34,
29,
0,
0,
47,
0,
0,
16,
0,
0,
0,
0,
43,
56,
53,
0,
0,
0,
0,
46,
18,
67,
96,
5,
36,
23,
27,
12,
47,
0,
64,
22,
17,
27,
0,
12,
0,
0,
0,
0,
0,
0,
0,
10,
0,
76,
0,
0,
26,
0,
0,
0,
0,
28,
0,
100,
140,
56,
68,
33,
57,
0,
87,
0,
95,
0,
15,
6,
18,
40,
0,
0,
0,
0,
0,
0,
63,
26,
0,
0,
36,
0,
0,
0,
0,
35,
9,
0,
0,
56,
0,
26,
11,
12,
16,
0,
20,
18,
0,
0,
0,
15,
0,
22,
31,
64,
4,
0,
60,
0,
41,
0,
47,
0,
0,
40,
0,
0,
67,
52,
43,
0,
0,
0,
24,
0,
23,
0,
0,
0,
27,
0,
7,
88,
12,
47,
22,
14,
0,
0,
16,
0,
0,
0,
29,
0,
7,
89,
152,
53,
52,
1,
0,
10,
0,
40,
25,
0,
14,
41,
0,
0,
0,
0,
0,
0,
53,
0,
0,
0,
0,
0,
0,
0,
0,
10,
0,
0,
0,
27,
0,
41,
5,
30,
6,
0,
12,
58,
23,
0,
50,
0,
61,
0,
8,
24,
26,
99,
0,
37,
0,
45,
78,
0,
82,
0,
5,
20,
51,
0,
0,
0,
114,
20,
41,
24,
0,
0,
20,
0,
12,
25,
10,
0,
0,
0,
32,
0,
0,
12,
33,
0,
0,
2,
56,
47,
13,
0,
28,
0,
27,
0,
0,
16,
24,
0,
32,
0,
20,
0,
40,
53,
76,
0,
51,
33,
0,
57,
26,
0,
0,
120,
121,
0,
19,
8,
0,
0,
83,
75,
43,
0,
41,
0,
78,
16,
40,
45,
48,
24,
36,
86,
0,
36,
112,
20,
0,
65,
23,
0,
0,
0,
0,
0,
41,
0,
0,
0,
0,
56,
0,
58,
31,
0,
0,
0,
0,
39,
0,
0,
0,
163,
30,
0,
54,
43,
12,
0,
156,
0,
140,
0,
0,
95,
17,
167,
0,
7,
0,
51,
0,
0,
75,
46,
0,
0,
60,
0,
0,
0,
0,
40,
1,
0,
0,
0,
1,
0,
101,
25,
0,
24,
0,
59,
0,
0,
0,
109,
0,
0,
0,
57,
0,
0,
68,
0,
98,
0,
0,
0,
0,
63,
21,
0,
1,
0,
20,
14,
41,
23,
34,
0,
32,
47,
5,
58,
0,
46,
18,
107,
53,
0,
35,
29,
0,
0,
13,
101,
69,
0,
2,
17,
65,
0,
0,
36,
37,
0,
72,
87,
21,
0,
81,
62,
47,
0,
30,
0,
0,
0,
0,
1,
0,
0,
0,
0,
0,
0,
0,
43,
31,
0,
0,
0,
0,
54,
0,
0,
0,
74,
43,
0,
0,
0,
42,
0,
170,
0,
85,
0,
0,
22,
0,
62,
22,
0,
0,
16,
0,
0,
27,
133,
0,
0,
81,
0,
0,
0,
0,
46,
0,
51,
0,
2,
3,
0,
15,
67,
0,
78,
43,
4,
0,
0,
0,
65,
0,
0,
12,
91,
0,
31,
27,
0,
141,
0,
56,
71,
0,
50,
0,
16,
0,
0,
0,
21,
0,
31,
0,
0,
0,
56,
0,
37,
0,
83,
0,
88,
0,
0,
3,
65,
0,
13,
0,
80,
17,
0,
0,
0,
18,
0,
0,
27,
65,
10,
100,
16,
61,
0,
36,
45,
11,
0,
0,
0,
0,
0,
23,
23,
0,
0,
0,
8,
0,
0,
0,
88,
65,
0,
0,
0,
0,
18,
44,
0,
0,
66,
101,
49,
0,
0,
69,
0,
119,
22,
60,
0,
2,
0,
0,
0,
0,
0,
0,
0,
0,
10,
13,
116,
0,
0,
62,
0,
0,
0,
0,
7,
0,
0,
0,
62,
0,
0,
0,
14,
49,
25,
41,
0,
0,
0,
0,
48,
0,
0,
8,
47,
0,
1,
44,
0,
77,
0,
65,
31,
51,
0,
84,
0,
0,
0,
32,
3,
2,
32,
25,
0,
41,
27,
0,
0,
0,
31,
0,
109,
30,
9,
74,
21,
76,
0,
9,
0,
43,
0,
0,
38,
79,
0,
43,
40,
71,
10,
19,
0,
0,
0,
22,
15,
18,
0,
30,
0,
0,
0,
0,
64,
30,
0,
18,
4,
10,
0,
0,
0,
4,
6,
1,
0,
0,
0,
33,
0,
0,
92,
22,
0,
0,
0,
0,
2,
90,
0,
29,
0,
0,
0,
0,
9,
0,
37,
0,
0,
98,
0,
0,
72,
10,
20,
34,
0,
72,
1,
4,
18,
0,
35,
0,
0,
65,
0,
7,
12,
2,
12,
15,
0,
19,
0,
11,
43,
8,
0,
17,
31,
0,
18,
0,
0,
55,
9,
19,
60,
0,
0,
32,
0,
0,
0,
41,
16,
42,
143,
0,
0,
22,
118,
0,
37,
7,
4,
0,
138,
70,
0,
38,
124,
110,
0,
34,
0,
67,
0,
0,
52,
142,
0,
0,
31,
28,
68,
137,
57,
0,
0,
71,
40,
0,
0,
87,
0,
0,
0,
0,
62,
30,
0,
0,
75,
67,
0,
0,
0,
103,
7,
0,
24,
0,
89,
0,
0,
0,
89,
0,
0,
36,
0,
0,
15,
165,
0,
65,
0,
0,
19,
0,
29,
57,
49,
0,
51,
60,
0,
0,
168,
0,
0,
0,
0,
8,
32,
0,
32,
0,
30,
0,
22,
20,
0,
90,
49,
0,
106,
8,
45,
0,
0,
0,
32,
0,
0,
63,
89,
0,
0,
24,
20,
145,
0,
15,
117,
0,
0,
0,
32,
0,
0,
0,
0,
0,
78,
0,
48,
0,
140,
33,
0,
0,
8,
0,
76,
43,
0,
0,
165,
49,
0,
6,
0,
12,
0,
0,
10,
71,
0,
0,
19,
0,
59,
121,
15,
43,
0,
39,
54,
5,
0,
80,
5,
0,
0,
57,
28,
66,
0,
0,
82,
68,
0,
0,
0,
80,
17,
61,
57,
0,
82,
0,
0,
0,
0,
0,
41,
20,
0,
6,
3,
105,
0,
28,
0,
7,
23,
0,
0,
67,
0,
0,
26,
65,
10,
0,
133,
68,
37,
14,
0,
0,
54,
0,
15,
0,
0,
43,
57,
0,
0,
38,
71,
0,
94,
52,
24,
0,
0,
0,
0,
0,
7,
107,
66,
0,
0,
33,
47,
77,
0,
27,
103,
0,
0,
0,
70,
0,
0,
0,
9,
10,
47,
0,
2,
0,
88,
0,
0,
0,
8,
0,
54,
0,
0,
0,
46,
0,
0,
0,
0,
0,
0,
0,
0,
0,
33,
0,
41,
12,
22,
61,
0,
54,
0,
0,
0,
0,
58,
0,
0,
0,
21,
126,
0,
0,
53,
0,
0,
59,
0,
0,
0,
0,
0,
17,
42,
0,
46,
0,
0,
0,
0,
16,
52,
0,
0,
29,
0,
30,
27,
0,
0,
12,
0,
0,
0,
0,
39,
0,
0,
1,
96,
0,
44,
10,
44,
0,
0,
0,
60,
0,
0,
24,
0,
25,
110,
0,
0,
10,
37,
33,
0,
40,
0,
0,
1,
0,
0,
0,
54,
24,
60,
0,
0,
47,
25,
0,
3,
0,
23,
8,
0,
62,
0,
14,
0,
0,
0,
4,
13,
16,
0,
11,
8,
40,
0,
0,
4,
0,
61,
28,
0,
4,
76,
51,
0,
0,
0,
0,
0,
0,
5,
3,
0,
0,
26,
0,
16,
37,
0,
10,
0,
0,
39,
0,
0,
26,
0,
0,
3,
44,
57,
57,
0,
29,
10,
99,
0,
0,
0,
11,
21,
30,
26,
0,
8,
10,
0,
0,
0,
4,
27,
0,
0,
0,
30,
36,
0,
0,
0,
12,
32,
0,
0,
20,
7,
0,
11,
60,
74,
0,
40,
11,
66,
0,
0,
40,
73,
0,
4,
10,
0,
10,
0,
0,
40,
0,
23,
11,
28,
0,
0,
15,
0,
0,
0,
0,
40,
20,
19,
0,
5,
0,
24,
0,
20,
0,
27,
0,
0,
0,
62,
0,
0,
0,
25,
0,
21,
0,
7,
0,
93,
6,
0,
0,
0,
0,
77,
43,
0,
0,
46,
4,
0,
0,
0,
0,
0,
0,
0,
0,
0,
0,
29,
0,
21,
49,
12,
24,
18,
26,
5,
0,
31,
0,
12,
0,
2,
109,
62,
51,
18,
45,
0,
120,
0,
0,
0,
0,
11,
56,
53,
0,
47,
0,
0,
0,
0,
0,
24,
0,
0,
0,
40,
39,
0,
0,
13,
51,
17,
0,
8,
20,
0,
0,
4,
44,
62,
0,
60,
0,
80,
0,
0,
0,
17,
0,
23,
26,
0,
51,
23,
0,
11,
0,
56,
0,
16,
30,
3,
13,
0,
0,
0,
0,
0,
64,
37,
0,
0,
27,
76,
0,
0,
53,
42,
12,
6,
0,
67,
0,
0,
0,
0,
16,
0,
0,
0,
11,
97,
20,
18,
0,
0,
0,
0,
8,
0,
0,
25,
0,
0,
0,
0,
0,
0,
0,
0,
0,
21,
0,
45,
0,
0,
0,
73,
3,
42,
4,
0,
0,
28,
0,
7,
0,
32,
60,
0,
4,
139,
49,
0,
159,
7,
0,
0,
0,
0,
60,
32,
0,
37,
0,
0,
6,
0,
0,
17,
8,
0,
0,
21,
0,
0,
0,
5,
53,
0,
0,
37,
42,
0,
0,
0,
55,
82,
0,
9,
0,
44,
0,
35,
0,
0,
0,
57,
114,
0,
83,
43,
0,
37,
0,
62,
18,
6,
0,
17,
0,
0,
0,
0,
0,
0,
86,
19,
34,
46,
49,
11,
0,
55,
30,
0,
24,
23,
16,
17,
0,
0,
0,
0,
29,
0,
0,
0,
30,
101,
0,
0,
0,
0,
0,
0,
0,
0,
0,
6,
0,
0,
0,
0,
0,
0,
0,
0,
0,
23,
0,
40,
0,
0,
0,
65,
0,
37,
0,
0,
0,
52,
0,
0,
0,
67,
75,
0,
0,
198,
80,
0,
125,
29,
41,
0,
0,
0,
0,
20,
0,
32,
6,
0,
0,
0,
0,
33,
0,
0,
0,
0,
0,
0,
0,
0,
39,
0,
0,
47,
29,
55,
10,
0,
44,
97,
0,
0,
0,
13,
0,
54,
0,
0,
0,
49,
129,
0,
61,
64,
9,
19,
0,
0,
82,
0,
0,
0,
0,
19,
0,
0,
0,
0,
24,
0,
13,
42,
0,
0,
0,
67,
31,
0,
27,
